doc_id,MOF_class_out,MOF_class_in,value,year,month,law
2000041191,2001/05,2001/05,493.0,2008,11,1901
2000041194,2001/05,2001/05,352.94,2008,11,1901
2000041206,2001/05,2001/05,706.0,2008,11,1901
2000041207,2001/05,2001/05,130.8,2008,11,1901
2000044712,1801/04,0900/21,9300.0,2008,11,699
2000048063,1100/01,1200/04,295000.0,2008,11,900
2000048065,0600/20,1704/04,48293.0,2008,11,1201
2000048220,1100/01,2800/20,540000.0,2008,12,900
2000049177,1703/05,2001/05,39456.0,2008,12,2300
2000051332,1100/01,1200/04,162500.0,2008,12,900
2000054729,1801/04,1702/01,125000.0,2008,12,699
2000055090,2001/05,1704/04,4582.0,2008,12,2204
2000065131,0800/20,0357/04,250000.0,2009,2,1200
2000065134,0600/20,0357/04,13000.0,2009,2,1201
2000066527,0700/01,0600/23,35000.0,2009,2,699
2000067048,0200/04,2001/05,14400.0,2009,2,699
2000068249,0600/23,0700/01,35000.0,2009,2,699
2000069209,1100/01,1101/01,1389000.0,2009,3,900
2000071527,0700/01,0600/23,50000.0,2009,3,699
2000074751,1100/01,1200/04,150000.0,2009,3,900
2000074939,1106/01,0600/23,355139.0,2009,3,2706
2000076402,0352/04,0800/23,97000.0,2009,3,699
2000077337,1100/01,1200/04,25000.0,2009,3,900
2000083771,0600/20,0500/20,143000.0,2009,5,1201
2000088337,1100/01,2800/20,540000.0,2009,5,900
2000089067,1100/01,0500/20,500000.0,2009,5,900
2000089739,1901/05,0600/23,64686.0,2009,5,2900
2000090918,1100/01,1200/04,87500.0,2009,6,900
2000090919,1100/01,1200/04,150000.0,2009,6,900
2000091369,2001/05,1701/04,256.0,2009,6,2300
2000095481,1300/01,2200/04,1000000.0,2009,6,901
2000096775,1100/01,1200/04,100000.0,2009,6,900
2000096776,1100/01,2800/20,105000.0,2009,6,900
2000097109,1106/01,0600/23,88165.0,2009,6,2706
2000098140,0800/23,0800/03,30000.0,2009,7,2301
2000098292,1701/07,2001/07,75000.0,2009,7,1319
2000102622,2203/04,0700/01,1000000.0,2009,7,302
2000103129,0800/20,1300/01,345525.0,2009,7,699
2000109842,1600/15,0500/20,9000.0,2009,8,1356
2000110339,0802/04,0101/05,10000.0,2009,8,2301
2000110411,0352/04,0101/05,8070.0,2009,8,204
2000110639,0600/23,0700/01,29500.0,2009,8,699
2000112190,0800/20,0101/05,18000.0,2009,8,1200
2000112563,0358/23,0101/05,9500.0,2009,8,2600
2000114003,0352/04,0101/05,3000.0,2009,8,699
2000114721,0500/01,2001/05,20000.0,2009,9,1102
2000115437,1704/04,1101/01,1285.0,2009,9,2300
2000119974,1300/01,0101/05,5000.0,2009,9,2600
2000120855,1106/17,0800/23,1905000.0,2009,9,2706
2000124297,2800/20,0101/05,4960.0,2009,10,699
2000126232,0109/05,0102/04,2260.0,2009,10,699
2000133333,2203/04,0700/01,300000.0,2009,11,302
2000135706,1100/01,1701/04,863.0,2009,12,2300
2000135707,1900/05,1701/04,464.0,2009,12,2300
2000135708,1900/05,1701/04,90.0,2009,12,2300
2000135709,1704/04,1701/04,120.0,2009,12,2300
2000135710,0500/01,1701/04,244.0,2009,12,1102
2000135758,2001/05,0800/23,3000.0,2009,12,2600
2000138706,0109/05,0102/04,174.09,2009,12,699
2000138729,1100/01,1200/04,87500.0,2009,12,900
2000141594,1701/07,2001/07,1013000.0,2009,12,1319
2000141595,1701/07,2001/07,423000.0,2009,12,1320
2000141844,0109/05,0102/04,127.32,2009,12,699
2000143337,1701/04,2001/07,725000.0,2009,12,2600
2000143751,0109/05,0102/04,93.38,2009,12,699
2000143754,0109/05,0102/04,68.86,2009,12,699
2000143987,0600/23,1701/04,981.0,2009,12,2300
2000143989,0900/01,2001/05,288.4,2009,12,2300
2000148206,0352/04,2001/05,865.2,2010,1,2300
2000158001,1100/01,1200/04,150000.0,2010,2,900
2000159629,0600/20,0700/01,35000.0,2010,3,1201
2000164572,0900/21,2001/05,288.4,2010,3,2301
2000164690,0700/20,2001/05,2020.0,2010,3,2300
2000165181,0800/23,2001/05,3461.0,2010,3,2301
2000165915,0701/01,2001/05,4254.0,2010,4,2301
2000165970,0352/04,2001/05,866.0,2010,4,2301
2000167538,0109/05,0102/04,3719.0,2010,4,2300
2000171264,1100/01,0500/20,500000.0,2010,4,900
2000171644,0802/04,0101/05,1000.0,2010,4,699
2000172281,0102/04,2001/05,865.2,2010,4,2301
2000174128,0102/04,0600/23,29510.0,2010,5,2601
2000177736,0500/23,0102/04,9360.0,2010,5,2603
2000178920,0650/01,2001/05,4760.0,2010,5,2301
2000179003,0500/01,2001/05,866.0,2010,5,2301
2000181715,1801/04,1702/01,27000.0,2010,6,699
2000183495,1100/01,0800/23,1000000.0,2010,6,900
2000184326,1106/01,1100/01,132300.0,2010,6,2706
2000185729,0350/04,0101/05,10803.0,2010,6,699
2000186058,0700/01,0800/23,12000.0,2010,6,699
2000187922,0352/04,0102/04,9166.0,2010,7,2600
2000188600,0600/23,0102/04,280.0,2010,7,2300
2000188601,0500/23,0102/04,4583.0,2010,7,2603
2000188602,1103/01,1100/01,9355.0,2010,7,1202
2000194479,1106/01,1701/04,291000.0,2010,8,699
2000197750,0700/01,0800/23,30000.0,2010,8,699
2000204077,1100/01,1200/04,150000.0,2010,9,900
2000207773,1100/01,1200/04,248400.0,2010,10,900
2000208283,1106/01,0600/23,365794.0,2010,10,2706
2000208807,1106/01,0600/23,343000.0,2010,10,2706
2000210493,0357/04,0900/01,231000.0,2010,10,1200
2000215529,1702/01,1801/04,10533.3,2010,11,800
2000218767,0650/01,2001/05,7191.0,2010,11,2301
2000218922,0700/01,0500/20,6000.0,2010,11,1102
2000222055,1901/05,2001/05,177828.0,2010,11,2900
2000222126,0700/20,2001/05,6962.0,2010,11,2300
2000222149,1701/07,2001/07,108000.0,2010,11,1320
2000222176,1100/01,2001/05,153.0,2010,11,2300
2000223608,0500/20,2001/05,1377.0,2010,12,2301
2000226930,1701/07,2001/07,1235050.0,2010,12,1319
2000226931,1701/04,2001/07,747000.0,2010,12,2600
2000227954,1100/01,0500/20,200000.0,2010,12,900
2000230522,0200/04,2001/05,14400.0,2010,12,2301
2000237425,1801/04,1702/01,1500000.0,2011,1,699
2000240322,1100/01,1200/04,239100.0,2011,1,900
2000241600,2800/20,0900/01,8800.0,2011,2,800
2000247194,1801/04,1702/01,137086.0,2011,3,699
2000252965,0600/20,0357/04,13000.0,2011,3,300
2000256914,0109/05,0102/04,3146.0,2011,4,2300
2000257478,0600/20,0700/01,35000.0,2011,4,1201
2000258627,1901/05,0600/23,17099.0,2011,4,2900
2000258682,1901/05,0800/23,12431.0,2011,4,2900
2000260300,0200/07,2001/05,2400.0,2011,4,1320
2000261089,1100/01,1701/04,758.0,2011,5,2300
2000268209,2001/05,1701/04,262.0,2011,5,2300
2000269849,1801/04,1702/01,93000.0,2011,6,699
2000271826,0357/04,0900/01,66000.0,2011,6,1200
2000273974,0600/01,0500/20,35000.0,2011,6,2300
2000275853,1100/01,1200/04,60000.0,2011,6,900
2000278724,1100/01,1200/04,200000.0,2011,7,900
2000281738,0102/04,0800/23,1500000.0,2011,7,2601
2000283165,0102/04,2001/05,700.0,2011,7,2300
2000284270,0600/20,0900/01,46714.0,2011,7,1201
2000284500,0900/01,0700/01,1230.0,2011,7,2300
2000288001,1106/01,2001/05,8000.0,2011,8,699
2000288002,0600/23,0700/01,300.0,2011,8,699
2000290854,0357/04,0900/01,77000.0,2011,8,1200
2000298457,1100/01,1200/04,237500.0,2011,9,900
2000299819,1106/01,0600/23,353792.0,2011,9,2706
2000300180,0200/04,0102/04,3949.0,2011,10,699
2000304118,0800/20,0354/04,300000.0,2011,10,1200
2000305763,1901/05,0800/23,-12431.0,2011,10,2900
2000307586,1701/04,2001/07,1125000.0,2011,11,2600
2000307587,1701/07,2001/07,108000.0,2011,11,1320
2000307703,1701/07,2001/07,1380349.0,2011,11,1319
2000309981,0109/05,0102/04,3000.0,2011,11,699
2000312842,1901/05,0500/20,32500.0,2011,11,2900
2000316002,0700/20,1703/05,250.0,2011,12,601
2000329007,0101/05,0102/04,1906.0,2012,1,2601
2000330616,0700/20,0101/05,2500.0,2012,2,2300
2000330617,1100/01,1360/03,2619000.0,2012,2,900
2000332209,1100/01,0800/23,50000.0,2012,2,900
2000333907,1300/01,0357/04,84000.0,2012,2,1202
2000334007,1100/01,0800/23,200000.0,2012,2,900
2000334008,1100/01,1200/04,199730.0,2012,2,900
2000334009,1100/01,0800/23,50000.0,2012,2,900
2000334163,1100/01,0800/23,40000.0,2012,2,900
2000335236,1100/01,0800/23,60000.0,2012,2,900
2000336799,0800/21,0700/01,25056.0,2012,3,1102
2000339242,0102/04,0900/21,3000.0,2012,3,2600
2000340409,0109/05,0102/04,1950.0,2012,3,2300
2000342037,0109/05,0102/04,1977.0,2012,3,2300
2000347411,0352/04,0102/04,5668.0,2012,4,2300
2000351069,0352/04,0102/04,-5668.0,2012,4,2300
2000357179,0352/04,0102/04,2886.0,2012,6,2300
2000357597,2203/04,0700/01,305000.0,2012,6,302
2000359307,0109/05,0102/04,1977.0,2012,6,2300
2000359373,1100/01,0800/23,-40000.0,2012,6,900
2000359558,0102/04,0102/04,990.0,2012,6,2600
2000360785,1100/01,0800/23,150000.0,2012,6,900
2000360786,1100/01,0800/23,50000.0,2012,6,900
2000361910,1106/01,1100/01,155000.0,2012,6,699
2000363120,1100/01,0800/23,40000.0,2012,6,900
2000363622,0600/23,0700/01,37000.0,2012,7,2600
2000364425,0600/01,0500/20,35000.0,2012,7,2300
2000365816,1100/01,0500/20,155000.0,2012,7,900
2000367816,1100/01,0800/23,500000.0,2012,7,900
2000368349,0600/20,0357/04,13000.0,2012,7,300
2000369204,1101/51,1100/01,125124.0,2012,7,901
2000372273,0600/23,1101/01,3900.0,2012,8,2300
2000376044,0600/20,0700/01,550.0,2012,8,300
2000376149,1901/05,0352/04,1277.37,2012,8,2900
2000376697,1101/51,1100/01,-125124.0,2012,7,901
2000377251,1901/05,0352/04,-1277.37,2012,8,2900
2000379531,1901/05,0352/04,5451.0,2012,9,2900
2000379979,0101/05,0102/04,576.0,2012,9,2601
2000380124,0101/05,0102/04,21972.0,2012,9,2601
2000388976,1701/07,2001/07,400000.0,2012,10,1319
2000389001,1701/04,2001/05,400000.0,2012,10,2600
2000389129,0102/04,2001/05,1103.0,2012,10,2300
2000389214,0600/01,0900/21,17000.0,2012,10,800
2000391291,1100/01,1200/04,125270.0,2012,10,900
2000391487,1300/07,2001/05,1576.0,2012,10,2301
2000391488,1101/51,2001/05,316.0,2012,10,2301
2000391575,0352/04,2001/05,788.0,2012,10,2301
2000391745,1701/04,2001/07,600000.0,2012,10,2600
2000393923,1701/07,2001/07,1515000.0,2012,11,1319
2000395265,0700/20,2001/05,8274.0,2012,11,2300
2000395268,0500/01,2001/05,2443.0,2012,11,2301
2000396969,0200/07,2001/05,14400.0,2012,11,1320
2000397112,0101/05,0102/04,9360.0,2012,11,2601
2000399905,1106/01,2001/05,472.0,2012,12,2301
2000399907,0900/01,0500/20,7800.0,2012,12,800
2000399968,1106/01,2001/05,394.0,2012,12,2301
2000399969,1106/01,2001/05,472.0,2012,12,2301
2000404321,1106/01,0600/23,516322.0,2012,12,2706
2000405906,1100/01,2001/05,158.0,2012,12,2600
2000406292,0800/23,2001/05,3861.0,2012,12,2301
2000412268,1100/01,0800/23,500000.0,2013,1,900
2000413178,1106/01,1100/01,200000.0,2013,1,699
2000415513,0109/05,0102/04,1950.0,2013,1,2300
2000420470,1100/01,1200/04,300000.0,2013,2,900
2000420471,1100/01,1200/04,200000.0,2013,2,900
2000423549,0200/07,2001/05,14400.0,2013,3,1320
2000427046,1100/01,1200/04,325000.0,2013,3,900
2000427218,1101/51,0900/21,102200.0,2013,3,901
2000427445,0357/04,1300/01,55920.0,2013,4,1200
2000432566,0101/05,2001/05,15000.0,2013,4,2300
2000433936,1701/04,2001/07,1458.0,2013,4,2300
2000434653,1703/05,0900/21,9000.0,2013,4,801
2000438936,0102/04,0900/21,7500.0,2013,5,2600
2000440252,0600/23,0700/01,37000.0,2013,5,2600
2000440595,1106/01,0600/23,381930.0,2013,5,2706
2000461516,1100/01,0500/20,10000.0,2013,8,900
2000464834,0600/23,0357/04,13000.0,2013,9,2600
2000465204,0700/01,1100/01,2000.0,2013,9,699
2000467633,1701/04,2001/05,1102520.0,2013,9,2600
2000467634,1701/07,2001/05,1430333.0,2013,9,1319
2000467635,1701/07,2001/05,348140.0,2013,9,1320
2000468196,1701/04,2001/07,220000.0,2013,9,2600
2000469043,2001/05,0900/21,4500.0,2013,9,2600
2000469618,0700/01,0101/05,3000.0,2013,10,699
2000473763,0500/20,0900/21,3170.0,2013,10,2300
2000473923,0109/05,0102/04,3427.0,2013,10,2300
2000475153,1300/01,0500/20,220000.0,2013,10,1202
2000475553,0102/04,0900/21,13200.0,2013,10,2600
2000478917,0354/04,0700/01,175320.0,2013,11,2600
2000486069,0500/01,0101/05,1482.0,2013,12,2300
2000496023,0200/07,2001/05,14400.0,2014,1,1320
2000496572,0500/01,1200/04,1300.0,2014,1,2300
2000498025,0200/04,0109/05,1950.0,2014,1,699
2000498663,1100/01,0900/21,1950.0,2014,2,900
2000501453,0500/01,1200/04,10000.0,2014,2,2300
2000503480,1300/01,0357/04,845.0,2014,2,1202
2000503702,0500/01,1200/04,12500.0,2014,2,1102
2000503753,0500/01,1200/04,18367.0,2014,2,1102
2000503821,1106/01,0600/23,389485.0,2014,2,2706
2000505762,0500/23,0900/21,4500.0,2014,3,801
2000508657,0700/01,1200/04,15000.0,2014,3,1102
2000509923,1100/01,1200/04,750000.0,2014,3,900
2000511341,0500/01,0900/21,3000.0,2014,3,1102
2000517774,0101/05,2001/05,15000.0,2014,5,2300
2000517836,0101/05,0102/04,6784.0,2014,5,2300
2000519497,1100/01,1200/04,200000.0,2014,5,900
2000523515,1101/51,0900/21,12585.0,2014,5,901
2000524636,1106/01,0600/23,460500.0,2014,5,2706
2000525227,1103/01,0900/21,1000.0,2014,6,1202
2000528367,1103/01,0900/21,1500.0,2014,6,1202
2000530063,1901/05,0360/05,120000.0,2014,6,2900
2000530247,1106/01,0600/23,-460500.0,2014,5,2706
2000530429,1106/01,0600/23,460500.0,2014,6,2706
2000530470,1106/01,0600/23,-460500.0,2014,6,2706
2000530821,1100/01,0500/20,115000.0,2014,6,900
2000533023,0600/20,0900/21,19000.0,2014,7,1201
2000537287,0500/01,1200/04,30000.0,2014,7,1102
2000537567,0101/05,0102/04,13500.0,2014,7,2300
2000538292,1106/01,0600/23,460500.0,2014,7,2706
2000538313,0500/01,0900/21,1900.0,2014,7,2300
2000538445,0500/01,1200/04,10000.0,2014,7,1102
2000538446,0500/01,1200/04,400.0,2014,7,1102
2000538447,0500/01,1200/04,800.0,2014,7,1102
2000538448,0500/01,1200/04,1850.0,2014,7,1102
2000540808,0701/01,1704/04,13513.0,2014,7,2300
2000541776,0600/23,2001/05,1.0,2014,8,2600
2000541906,0600/23,2001/05,-1.0,2014,8,2600
2000542277,0600/20,0700/01,37000.0,2014,8,1201
2000543648,0500/23,0900/21,3208.0,2014,8,800
2000543884,0500/01,1200/04,800.0,2014,8,1102
2000545551,0802/04,0357/04,10165.3,2014,8,2600
2000545599,0802/04,0357/04,11534.4,2014,8,2600
2000546308,0600/01,0900/21,13000.0,2014,8,800
2000551060,1701/07,2001/07,348140.0,2014,9,1320
2000552401,0101/05,0102/04,2000.0,2014,9,2601
2000553220,0800/23,0900/21,258.0,2014,9,801
2000554454,1703/05,0900/21,2241.0,2014,10,800
2000557421,0500/01,1200/04,800.0,2014,10,1102
2000557467,0500/01,1200/04,35000.0,2014,10,1102
2000565301,0500/01,1200/04,-35000.0,2014,10,1102
2000567511,0500/01,1200/04,35000.0,2014,12,1102
2000568335,0500/01,1200/04,2100.0,2014,12,1102
2000568337,0500/01,1200/04,415.0,2014,12,1102
2000568701,0500/20,0600/23,1200.0,2014,12,2600
2000571329,1701/04,2001/07,1322520.0,2014,12,2600
2000571330,1701/07,2001/07,1896860.0,2014,12,1319
2000574603,0500/01,1200/04,-2100.0,2014,12,1102
2000578791,0200/07,2001/05,14400.0,2015,1,1320
2000579176,0701/01,1704/04,5000.0,2015,1,699
2000579373,0101/05,0102/04,5800.0,2015,1,2601
2000580455,1100/01,0800/23,300000.0,2015,1,900
2000580459,1100/01,1200/04,750000.0,2015,1,900
2000583817,0109/05,0102/04,4832.0,2015,2,2300
2000585153,1100/01,1200/04,200000.0,2015,2,900
2000585154,1100/01,1200/04,300000.0,2015,2,900
2000586271,0600/01,0900/21,40000.0,2015,2,800
2000588364,0109/05,0102/04,-4832.0,2015,2,2300
2000589068,0101/05,0102/04,3722.0,2015,3,2601
2000590796,0700/01,0800/23,78000.0,2015,3,1102
2000592805,0109/05,0102/04,1575.0,2015,3,2300
2000599795,0600/01,1100/01,8000.0,2015,4,800
2000601060,0600/01,0357/04,1999.99,2015,5,800
2000604623,0700/01,0500/20,1600.0,2015,5,2300
2000604636,0701/01,0700/01,810811.0,2015,5,699
2000605022,1200/04,2800/20,22800.0,2015,5,699
2000608455,0500/01,1200/04,653.0,2015,5,1102
2000608456,0500/01,1200/04,1741.0,2015,5,1102
2000609192,0700/01,1200/04,50000.0,2015,6,1102
2000610125,0500/01,1200/04,200000.0,2015,6,1102
2000611865,1100/01,0357/04,38500.0,2015,6,2600
2000612127,0500/01,0600/23,2320.0,2015,6,2300
2000613666,0600/01,0900/21,28670.0,2015,6,800
2000613667,0600/01,0900/21,26400.0,2015,6,800
2000613951,0500/01,0102/04,225.0,2015,6,2300
2000618021,0600/01,0900/21,22200.0,2015,7,800
2000618144,0600/01,1200/04,2700.0,2015,7,1102
2000620317,0600/01,0900/21,120600.0,2015,7,800
2000620445,1300/01,0357/04,193.0,2015,7,611
2000620678,0500/01,1200/04,60000.0,2015,7,1102
2000620679,0500/01,1200/04,100000.0,2015,7,1102
2000623093,0600/01,0900/21,41700.0,2015,7,800
2000627186,0600/01,1200/04,255000.0,2015,8,1102
2000627187,0600/23,0800/23,15000.0,2015,8,699
2000631580,0600/01,0900/21,11999.99,2015,9,800
2000631581,0600/23,0900/21,33600.0,2015,9,800
2000631582,0600/20,0357/04,25000.0,2015,9,300
2000633422,1106/01,0600/23,194714.0,2015,9,2706
2000633997,0600/20,0700/01,42999.0,2015,9,1201
2000633998,0600/23,0900/21,8600.0,2015,9,800
2000635549,1100/01,0800/23,17862.0,2015,10,900
2000637857,0701/01,0700/01,175000.0,2015,10,699
2000640779,0600/01,0900/21,96700.0,2015,10,800
2000642520,0101/05,0102/04,2702.0,2015,10,2601
2000642598,1701/04,2001/07,1350000.0,2015,10,2600
2000642602,0101/05,0102/04,1350.0,2015,10,2601
2000642663,1701/07,2001/07,350000.0,2015,10,1320
2000642664,1701/07,2001/07,1900000.0,2015,10,1319
2000644985,0500/01,0101/05,4840.0,2015,11,2300
2000645132,0701/01,0700/01,2703000.0,2015,11,699
2000648494,1100/01,1200/04,750000.0,2015,11,900
2000649480,0600/01,1200/04,5000000.0,2015,11,1102
2000650655,1100/01,1200/04,50000.0,2015,11,900
2000650656,1100/01,1200/04,300000.0,2015,11,900
2000652221,0500/01,1200/04,175000.0,2015,12,1102
2000654894,0200/04,0900/21,18000.0,2015,12,699
2000655290,0500/01,1200/04,375000.0,2015,12,1102
2000655511,1701/04,2001/05,50000.0,2015,12,2600
2000666153,1901/05,1360/03,4170.0,2016,2,2900
2000666888,1703/05,0900/21,1500.0,2016,2,801
2000668588,0500/20,0109/05,2130.0,2016,2,2300
2000670945,0500/01,1200/04,1324.0,2016,2,1102
2000672315,1703/05,0900/21,6000.0,2016,2,801
2000673273,0200/04,0900/21,6000.0,2016,3,699
2000675661,0200/07,2001/05,14400.0,2016,3,1320
2000680001,0600/20,0700/01,37000.0,2016,4,1201
2000686415,1106/01,0600/23,267342.0,2016,5,2706
2000691558,0500/01,1200/04,30000.0,2016,5,1102
2000695565,0500/01,1200/04,39000.0,2016,6,1102
2000695649,0700/01,1200/04,500000.0,2016,6,1102
2000697557,0101/05,0102/04,1215.0,2016,6,2300
2000698413,1100/01,0500/20,100000.0,2016,6,900
2000698711,0600/23,0900/21,1230000.0,2016,6,800
2000699407,0700/01,0600/23,7410.0,2016,6,2300
2000701205,1100/01,0800/23,709694.0,2016,7,900
2000701220,0500/01,0800/23,26630.0,2016,7,1102
2000705190,1100/01,0800/23,140306.0,2016,7,900
2000708399,1106/01,0600/23,801785.0,2016,8,2706
2000715563,0500/01,1200/04,340000.0,2016,9,1102
2000720661,1100/01,0800/23,300000.0,2016,9,900
2000721844,0700/20,0900/21,79000.0,2016,9,1101
2000721989,0700/20,1200/04,20000.0,2016,9,1102
2000722765,1900/05,1703/05,45000.0,2016,10,601
2000726516,0357/04,0356/04,10100.0,2016,10,1200
2000732223,0500/01,1200/04,1300.0,2016,11,1102
2000732707,0600/23,0800/23,77600.0,2016,11,699
2000732808,1100/01,0500/20,450000.0,2016,11,900
2000733301,0700/20,0900/21,16000.0,2016,11,1102
2000733346,1701/07,2001/07,1900000.0,2016,11,1319
2000733347,1701/07,2001/07,350000.0,2016,11,1320
2000733348,1701/04,2001/05,1350000.0,2016,11,2600
2000734803,0500/01,1200/04,10000.0,2016,11,1102
2000735406,0355/04,0357/04,80000.0,2016,11,2600
2000736648,0600/01,1200/04,710000.0,2016,12,1102
2000736698,0600/01,1200/04,350000.0,2016,12,1102
2000737015,1701/04,2001/05,55540.0,2016,12,2301
2000737105,0500/01,1200/04,65000.0,2016,12,1102
2000740051,0500/01,1200/04,30000.0,2016,12,1102
2000741236,1200/04,1200/04,40000.0,2016,12,1101
2000752734,0101/05,0102/04,1650.0,2017,2,2300
2000753844,1300/01,0357/04,10000.0,2017,2,1202
2000754199,0700/23,0101/05,12000.0,2017,2,2403
2000755063,0700/20,0600/23,10000.0,2017,2,1102
2000759147,1101/51,0900/21,143500.0,2017,3,901
2000759148,1101/51,0900/21,78750.0,2017,3,901
2000759149,1161/51,0900/21,295000.0,2017,3,901
2000759150,1161/51,0900/21,78750.0,2017,3,901
2000760487,1300/01,0357/04,12000.0,2017,3,1202
2000760559,0200/07,2001/05,14400.0,2017,3,1320
2000761592,1300/01,0500/20,250000.0,2017,3,900
2000763183,0600/23,0700/01,37000.0,2017,3,699
2000764043,1703/05,0900/21,23701.0,2017,4,801
2000764144,0500/01,1200/04,60000.0,2017,4,1102
2000766329,0600/01,1200/04,150000.0,2017,4,1102
2000769829,2800/20,0900/21,5870.0,2017,5,801
2000774558,0600/23,0900/21,35000.0,2017,5,800
2000776668,0500/01,0600/23,3958.0,2017,6,2300
2000780955,0102/04,2001/05,150.0,2017,6,2600
2000784154,0500/01,0101/05,4305.0,2017,6,2300
2000786806,0500/01,1200/04,20000.0,2017,7,1102
2000788917,2001/05,1704/04,21828.0,2017,7,2400
2000790946,1106/01,0600/23,409817.0,2017,7,2706
2000791099,2001/05,0102/04,901.0,2017,7,2300
2000797920,0500/01,1200/04,21551.0,2017,8,1102
2000802228,0600/23,0101/05,4620.0,2017,9,699
2000809491,0600/23,0101/05,4305.0,2017,10,699
2000811313,0352/04,0600/23,20000.0,2017,11,204
2000811495,1100/01,0500/20,450000.0,2017,11,900
2000812388,1701/07,2001/07,350000.0,2017,11,1320
2000812389,1701/07,2001/07,1900000.0,2017,11,1319
2000812390,1701/04,2001/05,921000.0,2017,11,2600
2000812989,2001/05,1704/04,8690.0,2017,11,2400
2000812990,2001/05,1704/04,5342.0,2017,11,2400
2000815761,0101/05,0900/21,21450.0,2017,11,404
2000817635,1106/01,0600/23,404923.0,2017,12,2706
2000820883,0200/07,2001/05,14400.0,2017,12,1320
2000821381,1100/01,0800/23,65000.0,2017,12,900
2000824151,0500/01,0101/05,5245.0,2018,1,2300
2000824174,0701/01,0700/20,1350000.0,2018,1,699
2000824453,0500/01,0102/04,470.58,2018,1,2300
2000827693,0102/04,0900/21,445.0,2018,1,2600
2000828919,1300/07,2001/05,1800.0,2018,1,2301
2000828920,1106/01,2001/05,3600.0,2018,1,2301
2000828922,0101/05,0102/04,262.0,2018,1,2300
2000830086,0102/04,0900/21,100.0,2018,2,2600
2000832411,0500/01,1200/04,500000.0,2018,2,1102
2000833398,0500/01,1200/04,60000.0,2018,2,1102
2000834642,0500/01,1200/04,6286.0,2018,2,1102
2000834892,0700/23,2001/05,16200.0,2018,2,2403
2000837844,0102/04,0900/21,400.0,2018,3,2600
2000838007,0500/01,0101/05,9390.0,2018,3,2300
2000838613,0700/20,1200/04,500000.0,2018,3,1102
2000838614,0700/20,1200/04,5000.0,2018,3,1102
2000840866,0600/20,0700/01,37000.0,2018,4,1201
2000841093,0600/20,1200/04,50000.0,2018,4,1200
2000842711,1106/01,2001/05,20143.0,2018,4,2301
2000845928,2800/20,0900/21,1000.0,2018,4,801
2000848722,0600/23,0101/05,4695.0,2018,5,699
2000848736,0600/07,2001/05,16200.0,2018,5,2403
2000848947,1100/01,1200/04,350000.0,2018,5,900
2000852831,1701/04,2001/05,41195.0,2018,5,2301
2000865364,1100/01,1200/04,204000.0,2018,8,900
2000865639,1100/01,0800/23,300000.0,2018,8,900
2000867786,1101/03,0600/23,34000.0,2018,8,2800
2000877280,1100/01,0600/23,14000.0,2018,10,900
2000882214,0600/20,1200/04,50000.0,2018,11,1200
2000882215,0700/20,1200/04,10000.0,2018,11,1102
2000883079,1103/01,1200/04,4056800.0,2018,11,699
2000883911,1106/01,2001/05,3511.46,2018,11,2301
2000885626,1701/07,2001/07,73231.0,2018,11,1320
2000885627,1701/07,2001/07,1027941.0,2018,11,1319
2000885628,1701/04,2001/07,990558.0,2018,11,2600
2000888921,1701/04,2001/07,131721.0,2018,12,2600
2000888933,1701/04,2001/07,16938.0,2018,12,2301
2000890438,0600/20,1200/04,78200.0,2018,12,1200
2000892028,1100/01,1200/04,150000.0,2018,12,900
2000896297,1103/01,1200/04,8268320.0,2019,1,699
2000898250,0200/07,2001/05,14184.0,2019,1,1320
2000898702,0200/07,2001/05,216.0,2019,1,1320
2000900685,1106/01,0600/23,599087.0,2019,2,2706
2000901448,1161/51,0600/23,35000.0,2019,2,901
2000902192,1161/51,0600/23,45000.0,2019,2,901
2000902223,1101/51,0600/23,45000.0,2019,2,901
2000903098,1703/05,0900/21,73304.0,2019,2,801
2000904484,1153/51,1200/04,600000.0,2019,3,900
2000904564,0701/01,0700/20,1464000.0,2019,3,699
2000907324,0701/01,0700/20,-1464000.0,2019,3,699
2000910328,1300/01,1200/04,280000.0,2019,4,900
2000913036,1100/01,0800/23,50000.0,2019,4,900
2000917780,0101/05,0500/20,900000.0,2019,5,2601
2000918675,0600/23,0500/20,7940.0,2019,5,2300
2000919369,1161/51,0600/23,166589.0,2019,5,901
2000921115,0600/23,1100/01,35000.0,2019,6,699
2000926532,1300/01,0600/23,26500.0,2019,6,900
2000928893,0800/20,1300/01,490.0,2019,7,1200
2000930055,1106/01,2001/05,5400.0,2019,7,2301
2000931056,1100/01,1200/04,300000.0,2019,7,900
2000931809,1100/01,1200/04,460000.0,2019,7,900
2000932645,0500/01,0101/05,16000.0,2019,7,2300
2000933080,1101/51,1704/04,37883.0,2019,8,900
2000938116,1701/04,0800/23,281280.0,2019,9,699
2000940533,0600/20,1200/04,210000.0,2019,9,1200
2000947479,0700/20,1200/04,323250.0,2019,11,1102
2000949530,1701/07,2001/07,1937215.0,2019,11,1319
2000950151,1103/01,1106/01,474000.0,2019,11,1202
2000951470,1701/04,2001/05,1071542.0,2019,11,2600
2000951471,1701/07,2001/07,150000.0,2019,11,1320
2000953924,2001/05,1704/04,12733.0,2019,12,2400
2000954156,0700/20,2001/05,7200.0,2019,12,2301
2000954159,1701/04,0800/23,77134.0,2019,12,2600
2000954708,1300/01,1200/04,800000.0,2019,12,901
2000963000,0700/20,1200/04,413000.0,2020,1,1102
2000963681,0200/07,2001/05,14400.0,2020,1,1320
2000964363,1100/01,0800/23,818000.0,2020,1,900
2000965846,1106/01,2001/05,5400.0,2020,2,2301
2000966905,0600/20,2001/05,28800.0,2020,2,2301
2000966906,0600/20,2001/05,21600.0,2020,2,2301
2000976723,1100/01,1200/04,1250000.0,2020,5,900
2000978165,0803/04,0600/23,94000.0,2020,5,801
2000978166,2001/05,1704/04,14609.0,2020,5,2400
2000978171,0700/20,2001/05,21600.0,2020,5,2301
2000981457,0803/04,0600/23,6500.0,2020,7,801
2000990890,1101/51,0900/21,52149.0,2020,9,900
2000992870,1701/07,2001/07,1196885.0,2020,10,1319
2000992871,1701/07,2001/07,124622.0,2020,10,1320
2000992884,1701/04,2001/05,1086066.0,2020,10,2600
2000993178,0800/20,0600/23,2950.0,2020,10,800
2001000530,1103/01,1200/04,765500.0,2020,11,699
2001003050,0700/20,1200/04,267449.0,2020,12,1102
2001003436,0700/20,0600/23,82000.0,2020,12,1102
2001006277,1103/01,1200/04,4100000.0,2021,1,699
2001006505,0200/07,2001/05,14400.0,2021,1,1320
2001009061,0700/20,2001/05,45000.0,2021,2,2301
2001011332,0600/20,2001/05,12600.0,2021,3,2301
2001013523,1703/05,0900/21,3892.0,2021,3,801
2001014668,0200/07,2001/05,240.0,2021,3,1320
2001014669,1701/04,2001/05,522000.0,2021,3,2600
2001017922,2001/05,1704/04,8997.0,2021,4,2400
2001020796,0700/23,0900/21,6000.0,2021,5,801
2001023040,1701/04,2001/05,784546.0,2021,6,2600
2001023204,0701/01,0700/20,5500.0,2021,6,699
2001029015,1103/01,1100/01,820000.0,2021,7,1202
2001038640,2001/05,1704/04,23868.0,2021,10,2400
2001039639,1701/04,2001/05,761261.0,2021,10,2600
2001039640,1701/07,2001/07,2500000.0,2021,10,1319
2001039641,1701/07,2001/07,250000.0,2021,10,1320
2001039734,1701/07,2001/07,-2500000.0,2021,10,1319
2001040861,1106/01,0600/23,890824.9,2021,10,2706
2001040900,1701/07,2001/07,1868096.0,2021,10,1319
2001041104,1701/04,2001/05,431904.0,2021,10,2600
2001043776,1701/04,2001/05,200000.0,2021,11,2600
2001044043,0697/01,1100/01,50000.0,2021,11,1002
2001046369,1100/01,1200/04,226858.0,2021,11,900
2001048100,0701/01,0700/20,10500.0,2021,12,601
2001050577,0700/20,1153/51,909000.0,2021,12,1102
2001054181,0200/07,2001/05,14640.0,2022,1,1320
2001054877,1103/01,1106/01,1356000.0,2022,2,900
2001059069,0800/20,1300/01,500000.0,2022,2,1200
2001059777,2001/05,1704/04,6164.0,2022,2,2400
2001060234,0500/01,1100/01,24000.0,2022,2,1102
2001066699,1100/01,1200/04,73142.0,2022,4,900
2001069232,1103/01,0600/23,158787.88,2022,4,900
2001070588,0700/20,1153/51,500000.0,2022,5,1200
2001071973,1703/05,0900/21,8442.0,2022,5,801
2001074177,0600/20,1200/04,300000.0,2022,6,1200
2001075222,0600/20,0800/23,34124.0,2022,6,1200
2001076261,0700/20,0900/21,56000.0,2022,6,1102
2001076922,0101/05,0102/04,4640.0,2022,6,2300
2001076934,0700/20,2001/05,19042.0,2022,6,2301
2001077870,0102/04,0102/04,298.0,2022,7,2300
2001079932,0102/04,0102/04,1215.36,2022,7,2300
2001079949,2001/05,1704/04,7248.0,2022,7,2400
2001080775,0600/20,1900/05,916.0,2022,7,2300
2001082119,0500/01,1704/04,1685.0,2022,7,2300
2001082390,1101/51,0600/23,3120.0,2022,7,900
2001082412,1106/01,0600/23,469606.2,2022,7,2706
2001083510,2001/05,1704/04,57810.0,2022,8,2400
2001086274,1100/01,1200/04,60000.0,2022,8,900
2001088715,0700/20,1200/04,19800.0,2022,9,1102
2001089110,1100/01,1200/04,540000.0,2022,9,900
2001089160,2800/20,0900/21,50000.0,2022,9,801
2001089575,0600/20,2001/05,10297.0,2022,9,2301
2001089606,1106/01,0600/23,1400000.0,2022,9,2706
2001090037,0600/20,1200/04,330000.0,2022,9,1200
2001090070,0600/23,0900/21,45929.0,2022,9,800
2001092333,1900/05,1701/04,1160.0,2022,10,2300
2001094757,0200/04,0102/04,6030.0,2022,10,2300
2001095021,1701/04,2001/05,1467353.0,2022,10,2600
2001095022,1701/07,2001/07,1675157.0,2022,10,1319
2001095033,1701/07,2001/07,77769.0,2022,10,1320
2001095049,1701/07,2001/07,77769.0,2022,10,1320
2001095997,1701/04,2001/05,7048.0,2022,11,2301
2001107758,1400/02,0102/04,711.58,2023,1,2300
2001108722,0102/04,2001/05,3333.0,2023,1,2301
2001110120,2001/05,0900/21,488.7,2023,1,2600
2001112078,0102/04,2001/05,3459.0,2023,2,2301
2001112619,0700/20,2001/05,12083.0,2023,2,2301
2001112620,0700/20,2001/05,13836.0,2023,2,2301
2001112621,0700/20,2001/05,6916.0,2023,2,2301
2001112663,1100/01,1200/04,130000.0,2023,2,900
2001112666,0200/07,2001/05,15800.0,2023,2,1320
2001113260,0700/20,1200/04,1520.0,2023,2,601
2001113715,0102/04,1200/04,34000.0,2023,2,2300
2001113896,0102/04,1200/04,-34000.0,2023,2,2300
2001116957,0600/20,2001/05,29379.0,2023,3,2301
2001117816,1900/05,1200/04,93000.0,2023,3,2300
2001118593,1900/05,1200/04,-93000.0,2023,3,2300
2001119295,2001/05,1704/04,20345.0,2023,3,2400
2001120598,0500/01,1704/04,687.0,2023,4,2300
2001125380,1101/51,0900/21,109535.0,2023,5,900
2001125381,1161/51,0900/21,109535.0,2023,5,901
2001129453,1106/01,0600/23,1000000.0,2023,6,2706
2001130212,1106/01,0600/23,434411.93,2023,6,2706
2001132101,1106/01,0600/23,486512.0,2023,6,2706
2001132455,2001/05,1704/04,1120.0,2023,6,2400
2001132896,0500/01,1704/04,1280.0,2023,6,2300
2001133481,0109/05,0900/21,242.0,2023,6,800
2001134248,0500/01,1200/04,700.0,2023,7,800
2001141401,1100/01,1200/04,200000.0,2023,8,900
2001145750,1701/04,1100/01,31200.0,2023,9,2600
2001148345,1701/04,0800/23,91527.0,2023,10,2600
2001148502,1701/07,2001/07,1942045.0,2023,10,1319
2001148543,1701/07,2001/07,300000.0,2023,10,1320
2001148544,1701/04,2001/05,1390218.0,2023,10,2600
2001150689,2001/05,1704/04,4600.0,2023,10,2400
2001151229,2001/05,1704/04,1257.0,2023,10,2400
2001152496,1701/07,2001/07,193565.0,2023,10,1320
2001160037,1900/05,1704/04,470.0,2023,12,2300
2001168637,0700/20,2001/05,26336.0,2024,1,2301
2001181118,0701/01,2001/05,12302.0,2024,4,2300
2001190979,0700/20,2001/05,20049.0,2024,6,2301
2001191099,0500/20,2001/05,8624.85,2024,6,2301
2001191267,0102/04,0900/21,42746.0,2024,6,800
2001192686,1101/51,2001/05,5325.0,2024,6,2301
2001193215,1102/01,1101/01,10853.0,2024,6,800
2001194303,1701/07,2001/07,1808552.0,2024,6,1319
2001194304,1701/04,2001/05,1445275.0,2024,6,2600
2001194335,1701/07,2001/07,304513.0,2024,6,1320
2001195131,0102/04,1200/04,98.48,2024,6,2300
2001196177,0102/04,1200/04,66500.0,2024,7,2300
2001196431,0102/04,1200/04,112901.52,2024,7,2300
2001198895,0102/04,1200/04,-66500.0,2024,7,2300
2001198896,0102/04,1200/04,-112901.52,2024,7,2300
2001198897,0102/04,1200/04,-98.48,2024,6,2300
2001199688,0102/04,0700/01,530.0,2024,7,2300
2001199826,0600/20,2001/05,26336.0,2024,7,2301
2001200167,0800/23,2001/05,7059.0,2024,7,2301
2001200456,1100/01,1701/04,90000.0,2024,7,900
2001200457,1100/01,1701/04,70000.0,2024,7,900
2001200458,2001/05,1704/04,5848.0,2024,7,2400
2001202107,0701/01,2001/05,18000.0,2024,8,2301
2001204620,1103/01,1200/04,15000000.0,2024,8,901
2001208572,0101/05,0102/04,435.0,2024,9,2300
2001210914,1900/05,2001/05,16189.0,2024,9,2300
2001212313,0102/04,2001/05,3508.0,2024,10,2301
2001212314,0102/04,2001/05,9172.07,2024,10,2301
2001212654,1500/30,2001/05,3850.0,2024,10,2301
2001219869,1900/05,2001/05,120000.0,2024,11,2300
2001221055,1100/01,1200/04,25000.0,2024,12,900
2001230270,0102/04,0900/21,39000.0,2025,1,800
2001231027,1300/07,2001/05,5283.0,2025,1,2301
2001231345,1103/01,1200/04,6000000.0,2025,1,901
2001231743,0102/04,2001/05,3534.0,2025,1,2301
2001233381,0701/01,2001/05,32000.0,2025,2,2300
2001234862,0500/01,2001/05,3498.0,2025,2,2301
2001235215,0700/20,2001/05,21284.0,2025,2,2301
2001241223,0800/23,2001/05,10717.0,2025,3,2301
2001241875,0109/05,0102/04,6064.45,2025,3,2300
2001244103,0700/01,0500/20,36000.0,2025,4,800
2001246237,0600/20,2001/05,32001.0,2025,4,2301
2001246349,0701/01,1703/05,8704.0,2025,4,2300
2001248410,1900/05,2001/05,192000.0,2025,5,2300
