MOF_class	year	fund_code	law	month	doc_id	doc_item	000	110
2001/05	2008	1300	1901	11	2000041191	001		493
2001/05	2008	1300	2602	11	2000041191	002	-493
2001/05	2008	1300	1901	11	2000041194	001		352.94
2001/05	2008	1300	2602	11	2000041194	002	-352.94
2001/05	2008	1300	1901	11	2000041206	001		706
2001/05	2008	1300	2602	11	2000041206	002	-706
2001/05	2008	1300	1901	11	2000041207	001		130.8
2001/05	2008	1300	2602	11	2000041207	002	-130.8
0900/21	2008	1300	0801	11	2000044712	002	-9,300
1801/04	2008	1026	0699	11	2000044712	001		9,300
1100/01	2008	1012	0900	11	2000048063	001		295,000
1200/04	2008	1026	2602	11	2000048063	002	-295,000
0600/20	2008	1026	1201	11	2000048065	001		48,293
1704/04	2008	1300	2400	11	2000048065	002	-48,293
1100/01	2008	1012	0900	12	2000048220	001		540,000
2800/20	2008	1300	2602	12	2000048220	002	-540,000
1703/05	2008	1300	2300	12	2000049177	001		39,456
2001/05	2008	1300	2602	12	2000049177	002	-39,456
1100/01	2008	1012	0900	12	2000051332	001		162,500
1200/04	2008	1026	2602	12	2000051332	002	-162,500
1702/01	2008	1026	0800	12	2000054729	002	-125,000
1801/04	2008	1026	0699	12	2000054729	001		125,000
1704/04	2008	1300	2400	12	2000055090	002	-4,582
2001/05	2008	1300	2204	12	2000055090	001		4,582
1704/04	2008	1300	2400	12	2000057375	002	-8,522
0357/04	2009	1026	1101	2	2000065131	002	-250,000
0800/20	2009	1026	1200	2	2000065131	001		250,000
0357/04	2009	1026	1101	2	2000065134	002	-13,000
0600/20	2009	1029	1201	2	2000065134	001		13,000
0600/23	2009	1300	2602	2	2000066527	002	-35,000
0700/01	2009	1026	0699	2	2000066527	001		35,000
0200/04	2009	1300	0699	2	2000067048	001		14,400
2001/05	2009	1300	2602	2	2000067048	002	-14,400
0600/23	2009	1300	0699	2	2000068249	001		35,000
0700/01	2009	1300	0699	2	2000068249	002	-35,000
1100/01	2009	1065	0900	3	2000069209	001		1,389,000
1101/01	2009	1007	2602	3	2000069209	002	-1,389,000
0600/23	2009	1300	2602	3	2000071527	002	-50,000
0700/01	2009	1026	0699	3	2000071527	001		50,000
1100/01	2009	1012	0900	3	2000074751	001		150,000
1200/04	2009	1026	2602	3	2000074751	002	-150,000
0600/23	2009	1300	2602	3	2000074939	002	-355,139
1106/01	2009	1701	2706	3	2000074939	001		355,139
0357/04	2009	1026	1101	3	2000075076	002	-1
0352/04	2009	1300	0699	3	2000076402	001		97,000
0800/23	2009	1300	0699	3	2000076402	002	-97,000
1100/01	2009	1012	0900	3	2000077337	001		25,000
1200/04	2009	1482	2602	3	2000077337	002	-25,000
0500/20	2009	1013	0699	5	2000083771	002	-143,000
0600/20	2009	1029	1201	5	2000083771	001		143,000
1100/01	2009	1012	0900	5	2000088337	001		540,000
2800/20	2009	1300	2602	5	2000088337	002	-540,000
0500/20	2009	1013	0699	5	2000089067	002	-500,000
1100/01	2009	1012	0900	5	2000089067	001		500,000
0600/23	2009	1300	2602	5	2000089739	002	-64,686
1901/05	2009	1300	2900	5	2000089739	001		64,686
1100/01	2009	1012	0900	6	2000090918	001		87,500
1200/04	2009	1482	2602	6	2000090918	002	-87,500
1100/01	2009	1012	0900	6	2000090919	001		150,000
1200/04	2009	1482	2602	6	2000090919	002	-150,000
1701/04	2009	1300	2602	6	2000091369	002	-256
2001/05	2009	1300	2300	6	2000091369	001		256
1300/01	2009	1718	0901	6	2000095481	001		1,000,000
2200/04	2009	1301	0302	6	2000095481	002	-1,000,000
1100/01	2009	1012	0900	6	2000096775	001		100,000
1200/04	2009	1482	2602	6	2000096775	002	-100,000
1100/01	2009	1012	0900	6	2000096776	001		105,000
2800/20	2009	1300	2602	6	2000096776	002	-105,000
0600/23	2009	1300	2602	6	2000097109	002	-88,165
1106/01	2009	1701	2706	6	2000097109	001		88,165
0800/03	2009	1027	1102	7	2000098140	002	-30,000
0800/23	2009	1300	2301	7	2000098140	001		30,000
1701/07	2009	1414	1319	7	2000098292	001		75,000
2001/07	2009	1414	2602	7	2000098292	002	-75,000
0700/01	2009	1300	0699	7	2000102622	002	-1,000,000
2203/04	2009	1301	0302	7	2000102622	001		1,000,000
0800/20	2009	1026	0699	7	2000103129	001		345,525
1300/01	2009	1010	1202	7	2000103129	002	-345,525
2001/05	2009	1300	2602	8	2000106506	002	-26,496
2001/05	2009	1300	2602	8	2000106507	002	-108,000
2001/05	2009	1300	2602	8	2000106508	002	-22,000
0500/20	2009	1013	0699	8	2000109842	002	-9,000
1600/15	2009	1407	1356	8	2000109842	001		9,000
0101/05	2009	1300	2602	8	2000110339	002	-10,000
0802/04	2009	1300	2301	8	2000110339	001		10,000
0101/05	2009	1300	2602	8	2000110411	002	-8,070
0352/04	2009	1301	0204	8	2000110411	001		8,070
0600/23	2009	1300	0699	8	2000110639	001		29,500
0700/01	2009	1300	0699	8	2000110639	002	-29,500
0101/05	2009	1300	2602	8	2000112190	002	-18,000
0800/20	2009	1026	1200	8	2000112190	001		18,000
0101/05	2009	1300	2602	8	2000112563	002	-9,500
0358/23	2009	1300	2600	8	2000112563	001		9,500
0101/05	2009	1300	2602	8	2000114003	002	-3,000
0352/04	2009	1300	0699	8	2000114003	001		3,000
0500/01	2009	1013	1102	9	2000114721	001		20,000
2001/05	2009	1300	2602	9	2000114721	002	-20,000
1101/01	2009	1007	2602	9	2000115437	002	-1,285
1704/04	2009	1300	2300	9	2000115437	001		1,285
0101/05	2009	1300	2602	9	2000119974	002	-5,000
1300/01	2009	1300	2600	9	2000119974	001		5,000
0800/23	2009	1300	0699	9	2000120855	002	-1,905,000
1106/17	2009	1717	2706	9	2000120855	001		1,905,000
0101/05	2009	1300	2602	10	2000124297	002	-4,960
2800/20	2009	1300	0699	10	2000124297	001		4,960
0102/04	2009	1300	2602	10	2000126232	002	-2,260
0109/05	2009	1300	0699	10	2000126232	001		2,260
0102/04	2009	1300	2602	11	2000128412	002	-2,760
0700/01	2009	1300	0699	11	2000133333	002	-300,000
2203/04	2009	1301	0302	11	2000133333	001		300,000
1100/01	2009	1300	2300	12	2000135706	001		863
1701/04	2009	1300	2602	12	2000135706	002	-863
1701/04	2009	1300	2602	12	2000135707	002	-464
1900/05	2009	1300	2300	12	2000135707	001		464
1701/04	2009	1300	2602	12	2000135708	002	-90
1900/05	2009	1300	2300	12	2000135708	001		90
1701/04	2009	1300	2602	12	2000135709	002	-120
1704/04	2009	1300	2300	12	2000135709	001		120
0500/01	2009	1013	1102	12	2000135710	001		244
1701/04	2009	1300	2602	12	2000135710	002	-244
0800/23	2009	1300	0699	12	2000135758	002	-3,000
2001/05	2009	1300	2600	12	2000135758	001		3,000
0102/04	2009	1300	2602	12	2000138706	002	-174.09
0109/05	2009	1300	0699	12	2000138706	001		174.09
1100/01	2009	1012	0900	12	2000138729	001		87,500
1200/04	2009	1482	2602	12	2000138729	002	-87,500
1701/07	2009	1414	1319	12	2000141594	001		1,013,000
2001/07	2009	1414	2602	12	2000141594	002	-1,013,000
1701/07	2009	1414	1320	12	2000141595	001		423,000
2001/07	2009	1414	2602	12	2000141595	002	-423,000
0102/04	2009	1300	2602	12	2000141844	002	-127.32
0109/05	2009	1300	0699	12	2000141844	001		127.32
1701/04	2009	1300	2600	12	2000143337	001		725,000
2001/07	2009	1414	2602	12	2000143337	002	-725,000
0102/04	2009	1300	2602	12	2000143751	002	-93.38
0109/05	2009	1300	0699	12	2000143751	001		93.38
0102/04	2009	1300	2602	12	2000143754	002	-68.86
0109/05	2009	1300	0699	12	2000143754	001		68.86
0600/23	2009	1300	2300	12	2000143987	001		981
1701/04	2009	1300	2602	12	2000143987	002	-981
0900/01	2009	1024	2300	12	2000143989	001		288.4
2001/05	2009	1300	2602	12	2000143989	002	-288.4
0352/04	2010	1300	2300	1	2000148206	001		865.2
2001/05	2010	1300	2602	1	2000148206	002	-865.2
1100/01	2010	1012	0900	2	2000158001	001		150,000
1200/04	2010	1482	2602	2	2000158001	002	-150,000
0600/20	2010	1021	1201	3	2000159629	001		35,000
0700/01	2010	1300	0699	3	2000159629	002	-35,000
0900/21	2010	1300	2301	3	2000164572	001		288.4
2001/05	2010	1300	2602	3	2000164572	002	-288.4
0700/20	2010	1026	2300	3	2000164690	001		2,020
2001/05	2010	1300	2602	3	2000164690	002	-2,020
0800/23	2010	1300	2301	3	2000165181	001		3,461
2001/05	2010	1300	2602	3	2000165181	002	-3,461
0701/01	2010	1039	2301	4	2000165915	001		4,254
2001/05	2010	1300	2602	4	2000165915	002	-4,254
0352/04	2010	1300	2301	4	2000165970	001		866
2001/05	2010	1300	2602	4	2000165970	002	-866
1704/04	2010	1300	2400	4	2000166630	002	-5,000
0102/04	2010	1300	2602	4	2000167538	002	-3,719
0109/05	2010	1300	2300	4	2000167538	001		3,719
0500/20	2010	1013	0699	4	2000171264	002	-500,000
1100/01	2010	1012	0900	4	2000171264	001		500,000
0101/05	2010	1300	2602	4	2000171644	002	-1,000
0802/04	2010	1300	0699	4	2000171644	001		1,000
1901/05	2010	1300	2900	4	2000171858	001		25,711
0102/04	2010	1300	2301	4	2000172281	001		865.2
2001/05	2010	1300	2602	4	2000172281	002	-865.2
0102/04	2010	1300	2601	5	2000174128	001		29,510
0600/23	2010	1300	2602	5	2000174128	002	-29,510
0102/04	2010	1300	2602	5	2000177736	002	-9,360
0500/23	2010	1300	2603	5	2000177736	001		9,360
0650/01	2010	1029	2301	5	2000178920	001		4,760
2001/05	2010	1300	2602	5	2000178920	002	-4,760
0500/01	2010	1013	2301	5	2000179003	001		866
2001/05	2010	1300	2602	5	2000179003	002	-866
1702/01	2010	1026	0800	6	2000181715	002	-27,000
1801/04	2010	1026	0699	6	2000181715	001		27,000
0800/23	2010	1300	0699	6	2000183495	002	-1,000,000
1100/01	2010	1012	0900	6	2000183495	001		1,000,000
1100/01	2010	1012	0900	6	2000184326	002	-132,300
1106/01	2010	1701	2706	6	2000184326	001		132,300
1300/01	2010	1010	0900	6	2000185728	001		10,000
0101/05	2010	1300	2602	6	2000185729	002	-10,803
0350/04	2010	1300	0699	6	2000185729	001		10,803
0700/01	2010	1300	0699	6	2000186058	001		12,000
0800/23	2010	1300	0699	6	2000186058	002	-12,000
0500/01	2010	1013	1102	7	2000186727	001		50,000
0102/04	2010	1300	2602	7	2000187922	002	-9,166
0352/04	2010	1300	2600	7	2000187922	001		9,166
0102/04	2010	1300	2602	7	2000188600	002	-280
0600/23	2010	1300	2300	7	2000188600	001		280
0102/04	2010	1300	2602	7	2000188601	002	-4,583
0500/23	2010	1300	2603	7	2000188601	001		4,583
1100/01	2010	1012	0900	7	2000188602	002	-9,355
1103/01	2010	1011	1202	7	2000188602	001		9,355
1106/01	2010	1300	0699	8	2000194479	001		291,000
1701/04	2010	1300	2602	8	2000194479	002	-291,000
0500/01	2010	1013	1102	8	2000196748	001		200,000
0700/01	2010	1300	0699	8	2000197750	001		30,000
0800/23	2010	1300	0699	8	2000197750	002	-30,000
1100/01	2010	1012	0900	9	2000204077	001		150,000
1200/04	2010	1482	2602	9	2000204077	002	-150,000
1704/04	2010	1300	2400	9	2000205391	002	-10,000
0352/04	2010	1300	2600	9	2000205726	001		115,000
0500/01	2010	1013	1102	10	2000206037	001		5,000
1100/01	2010	1012	0900	10	2000207773	001		248,400
1200/04	2010	1482	2602	10	2000207773	002	-248,400
0600/23	2010	1300	2602	10	2000208283	002	-365,794
1106/01	2010	1701	2706	10	2000208283	001		365,794
0600/23	2010	1300	2602	10	2000208807	002	-343,000
1106/01	2010	1701	2706	10	2000208807	001		343,000
0357/04	2010	1301	1200	10	2000210493	001		231,000
0900/01	2010	1024	0800	10	2000210493	002	-231,000
1702/01	2010	1026	0800	11	2000215529	001		10,533.3
1801/04	2010	1300	2602	11	2000215529	002	-10,533.3
0650/01	2010	1029	2301	11	2000218767	001		7,191
2001/05	2010	1300	2602	11	2000218767	002	-7,191
0500/20	2010	1013	0699	11	2000218922	002	-6,000
0700/01	2010	1051	1102	11	2000218922	001		6,000
1901/05	2010	1300	2900	11	2000222055	001		177,828
2001/05	2010	1300	2602	11	2000222055	002	-177,828
0700/20	2010	1026	2300	11	2000222126	001		6,962
2001/05	2010	1300	2602	11	2000222126	002	-6,962
1701/07	2010	1414	1320	11	2000222149	001		108,000
2001/07	2010	1414	2602	11	2000222149	002	-108,000
1100/01	2010	1300	2300	11	2000222176	001		153
2001/05	2010	1300	2602	11	2000222176	002	-153
0500/20	2010	1013	2301	12	2000223608	001		1,377
2001/05	2010	1300	2602	12	2000223608	002	-1,377
1701/07	2010	1414	1319	12	2000226930	001		1,235,050
2001/07	2010	1414	2602	12	2000226930	002	-1,235,050
1701/04	2010	1300	2600	12	2000226931	001		747,000
2001/07	2010	1414	2602	12	2000226931	002	-747,000
0500/20	2010	1013	0699	12	2000227954	002	-200,000
1100/01	2010	1012	0900	12	2000227954	001		200,000
0200/04	2010	1300	2301	12	2000230522	001		14,400
2001/05	2010	1300	2602	12	2000230522	002	-14,400
1702/01	2011	1026	0800	1	2000237425	002	-1,500,000
1801/04	2011	1026	0699	1	2000237425	001		1,500,000
1100/01	2011	1012	0900	1	2000240322	001		239,100
1200/04	2011	1482	2602	1	2000240322	002	-239,100
0900/01	2011	1300	0800	2	2000241600	002	-8,800
2800/20	2011	1024	0800	2	2000241600	001		8,800
1702/01	2011	1026	0800	3	2000247194	002	-137,086
1801/04	2011	1026	0699	3	2000247194	001		137,086
0357/04	2011	1301	2602	3	2000252965	002	-13,000
0600/20	2011	1301	0300	3	2000252965	001		13,000
0500/01	2011	1013	1102	3	2000253306	001		200,000
1100/01	2011	1012	0900	4	2000256910	001		105,000
0102/04	2011	1300	2602	4	2000256914	002	-3,146
0109/05	2011	1300	2300	4	2000256914	001		3,146
0600/20	2011	1021	1201	4	2000257478	001		35,000
0700/01	2011	1300	0699	4	2000257478	002	-35,000
0600/23	2011	1300	2602	4	2000258627	002	-17,099
1901/05	2011	1300	2900	4	2000258627	001		17,099
0800/23	2011	1300	0699	4	2000258682	002	-12,431
1901/05	2011	1300	2900	4	2000258682	001		12,431
0500/01	2011	1013	1102	4	2000259203	001		8,800
0200/07	2011	1414	1320	4	2000260300	001		2,400
2001/05	2011	1300	2602	4	2000260300	002	-2,400
1100/01	2011	1300	2300	5	2000261089	001		758
1701/04	2011	1300	2602	5	2000261089	002	-758
1701/04	2011	1300	2602	5	2000268209	002	-262
2001/05	2011	1300	2300	5	2000268209	001		262
1901/05	2011	1300	2900	6	2000269594	001		5,207
1702/01	2011	1026	0800	6	2000269849	002	-93,000
1801/04	2011	1026	0699	6	2000269849	001		93,000
0357/04	2011	1301	1200	6	2000271826	001		66,000
0900/01	2011	1300	0800	6	2000271826	002	-66,000
0500/20	2011	1013	0699	6	2000273974	002	-35,000
0600/01	2011	1026	2300	6	2000273974	001		35,000
1100/01	2011	1012	0900	6	2000275853	001		60,000
1200/04	2011	1482	2602	6	2000275853	002	-60,000
0500/01	2011	1013	1102	7	2000278141	001		50,000
1100/01	2011	1012	0900	7	2000278724	001		200,000
1200/04	2011	1482	2602	7	2000278724	002	-200,000
0102/04	2011	1300	2601	7	2000281738	001		1,500,000
0800/23	2011	1300	0699	7	2000281738	002	-1,500,000
0102/04	2011	1300	2300	7	2000283165	001		700
2001/05	2011	1300	2602	7	2000283165	002	-700
0600/20	2011	1026	1201	7	2000284270	001		46,714
0900/01	2011	1300	0800	7	2000284270	002	-46,714
0700/01	2011	1300	0699	7	2000284500	002	-1,230
0900/01	2011	1024	2300	7	2000284500	001		1,230
1106/01	2011	1300	0699	8	2000288001	001		8,000
2001/05	2011	1300	2602	8	2000288001	002	-8,000
0600/23	2011	1300	0699	8	2000288002	001		300
0700/01	2011	1300	0699	8	2000288002	002	-300
0357/04	2011	1301	1200	8	2000290854	001		77,000
0900/01	2011	1300	0800	8	2000290854	002	-77,000
1100/01	2011	1012	0900	9	2000298457	001		237,500
1200/04	2011	1482	2602	9	2000298457	002	-237,500
0600/23	2011	1300	2602	9	2000299819	002	-353,792
1106/01	2011	1701	2706	9	2000299819	001		353,792
0102/04	2011	1300	2602	10	2000300180	002	-3,949
0200/04	2011	1300	0699	10	2000300180	001		3,949
0354/04	2011	1301	0699	10	2000304118	002	-300,000
0800/20	2011	1010	1200	10	2000304118	001		300,000
0800/23	2011	1300	0699	10	2000305763	002	12,431
1901/05	2011	1300	2900	10	2000305763	001		-12,431
1701/04	2011	1300	2600	11	2000307586	001		1,125,000
2001/07	2011	1414	2602	11	2000307586	002	-1,125,000
1701/07	2011	1414	1320	11	2000307587	001		108,000
2001/07	2011	1414	2602	11	2000307587	002	-108,000
1701/07	2011	1414	1319	11	2000307703	001		1,380,349
2001/07	2011	1414	2602	11	2000307703	002	-1,380,349
0102/04	2011	1300	2602	11	2000309981	002	-3,000
0109/05	2011	1300	0699	11	2000309981	001		3,000
0500/20	2011	1013	0699	11	2000312842	002	-32,500
1901/05	2011	1300	2900	11	2000312842	001		32,500
0700/20	2011	1051	0601	12	2000316002	001		250
1703/05	2011	1300	0801	12	2000316002	002	-250
0101/05	2012	1300	2601	1	2000329007	001		1,906
0102/04	2012	1300	2602	1	2000329007	002	-1,906
0101/05	2012	1300	2602	2	2000330616	002	-2,500
0700/20	2012	1300	2300	2	2000330616	001		2,500
1100/01	2012	1012	0900	2	2000330617	001		2,619,000
1360/03	2012	1008	2600	2	2000330617	002	-2,619,000
0800/23	2012	1300	0699	2	2000332209	002	-50,000
1100/01	2012	1012	0900	2	2000332209	001		50,000
0357/04	2012	1301	2602	2	2000333907	002	-84,000
1300/01	2012	1718	1202	2	2000333907	001		84,000
0800/23	2012	1300	0699	2	2000334007	002	-200,000
1100/01	2012	1012	0900	2	2000334007	001		200,000
1100/01	2012	1012	0900	2	2000334008	001		199,730
1200/04	2012	1482	2602	2	2000334008	002	-199,730
0800/23	2012	1300	0699	2	2000334009	002	-50,000
1100/01	2012	1012	0900	2	2000334009	001		50,000
0800/23	2012	1300	0699	2	2000334163	002	-40,000
1100/01	2012	1012	0900	2	2000334163	001		40,000
0500/01	2012	1013	1102	2	2000335235	001		60,000
0800/23	2012	1300	0699	2	2000335236	002	-60,000
1100/01	2012	1012	0900	2	2000335236	001		60,000
0500/01	2012	1013	1102	2	2000335371	001		100,000
0700/01	2012	1300	0699	3	2000336799	002	-25,056
0800/21	2012	1008	1102	3	2000336799	001		25,056
0700/01	2012	1051	1102	3	2000338889	001		53,000
0102/04	2012	1300	2600	3	2000339242	001		3,000
0900/21	2012	1300	0801	3	2000339242	002	-3,000
0102/04	2012	1300	2602	3	2000340409	002	-1,950
0109/05	2012	1300	2300	3	2000340409	001		1,950
0102/04	2012	1300	2602	3	2000342037	002	-1,977
0109/05	2012	1300	2300	3	2000342037	001		1,977
0500/01	2012	1013	1102	4	2000346041	001		300,000
0102/04	2012	1300	2602	4	2000347411	002	-5,668
0352/04	2012	1300	2300	4	2000347411	001		5,668
0102/04	2012	1300	2602	4	2000351069	002	5,668
0352/04	2012	1300	2300	4	2000351069	001		-5,668
0500/01	2012	1013	1102	5	2000352654	001		690,000
0700/01	2012	1051	1102	5	2000353405	001		25,000
0500/20	2012	1013	0699	5	2000356703	002	-48,245
0102/04	2012	1300	2602	6	2000357179	002	-2,886
0352/04	2012	1300	2300	6	2000357179	001		2,886
0700/01	2012	1300	0699	6	2000357597	002	-305,000
2203/04	2012	1301	0302	6	2000357597	001		305,000
0500/01	2012	1013	1102	6	2000359252	001		226,000
0102/04	2012	1300	2602	6	2000359307	002	-1,977
0109/05	2012	1300	2300	6	2000359307	001		1,977
0800/23	2012	1300	0699	6	2000359373	002	40,000
1100/01	2012	1012	0900	6	2000359373	001		-40,000
1100/01	2012	1065	0900	6	2000359447	001		50,000
0102/04	2012	1300	2600	6	2000359558	001		990
0102/04	2012	1300	2602	6	2000359558	002	-990
0500/01	2012	1013	1102	6	2000360271	001		50,000
0700/01	2012	1051	1102	6	2000360345	001		43,992
0700/01	2012	1051	1102	6	2000360346	001		125,512
1100/01	2012	1065	0900	6	2000360397	001		150,000
1100/01	2012	1065	0900	6	2000360734	001		-50,000
1100/01	2012	1065	0900	6	2000360735	001		-150,000
0800/23	2012	1300	2602	6	2000360785	002	-150,000
1100/01	2012	1065	0900	6	2000360785	001		150,000
0800/23	2012	1300	2602	6	2000360786	002	-50,000
1100/01	2012	1065	0900	6	2000360786	001		50,000
1100/01	2012	1012	0900	6	2000361910	002	-155,000
1106/01	2012	1775	0699	6	2000361910	001		155,000
0800/23	2012	1300	0699	6	2000363120	002	-40,000
1100/01	2012	1012	0900	6	2000363120	001		40,000
0600/23	2012	1300	2600	7	2000363622	001		37,000
0700/01	2012	1300	0699	7	2000363622	002	-37,000
0500/20	2012	1013	0699	7	2000364425	002	-35,000
0600/01	2012	1026	2300	7	2000364425	001		35,000
0500/20	2012	1013	0699	7	2000365816	002	-155,000
1100/01	2012	1012	0900	7	2000365816	001		155,000
0500/01	2012	1013	1102	7	2000366578	001		46,730
0200/04	2012	1300	2300	7	2000366670	001		2,200
0500/01	2012	1013	1102	7	2000366720	001		200,000
0800/23	2012	1300	0699	7	2000367816	002	-500,000
1100/01	2012	1012	0900	7	2000367816	001		500,000
0357/04	2012	1301	2602	7	2000368349	002	-13,000
0600/20	2012	1301	0300	7	2000368349	001		13,000
1100/01	2012	1012	0900	7	2000369204	002	-125,124
1101/51	2012	1007	0901	7	2000369204	001		125,124
0500/01	2012	1013	1102	7	2000371159	001		15,000
0600/23	2012	1300	2300	8	2000372273	001		3,900
1101/01	2012	1007	2602	8	2000372273	002	-3,900
0600/20	2012	1301	0300	8	2000376044	001		550
0700/01	2012	1300	0699	8	2000376044	002	-550
0352/04	2012	1301	0900	8	2000376149	002	-1,277.37
1901/05	2012	1300	2900	8	2000376149	001		1,277.37
1100/01	2012	1012	0900	7	2000376697	002	125,124
1101/51	2012	1007	0901	7	2000376697	001		-125,124
0352/04	2012	1301	0900	8	2000377251	002	1,277.37
1901/05	2012	1300	2900	8	2000377251	001		-1,277.37
0500/01	2012	1013	1102	8	2000377558	001		34,500
0500/01	2012	1013	1102	9	2000378565	001		4,000
0352/04	2012	1301	0900	9	2000379531	002	-5,451
1901/05	2012	1300	2900	9	2000379531	001		5,451
0101/05	2012	1300	2601	9	2000379979	001		576
0102/04	2012	1300	2602	9	2000379979	002	-576
0101/05	2012	1300	2601	9	2000380124	001		21,972
0102/04	2012	1300	2602	9	2000380124	002	-21,972
1701/07	2012	1414	1319	10	2000388976	001		400,000
2001/07	2012	1414	2602	10	2000388976	002	-400,000
1701/04	2012	1300	2600	10	2000389001	001		400,000
2001/05	2012	1300	2602	10	2000389001	002	-400,000
0102/04	2012	1300	2300	10	2000389129	001		1,103
2001/05	2012	1300	2602	10	2000389129	002	-1,103
0600/01	2012	1021	0800	10	2000389214	001		17,000
0900/21	2012	1300	0801	10	2000389214	002	-17,000
1100/01	2012	1012	0900	10	2000391291	001		125,270
1200/04	2012	1482	2602	10	2000391291	002	-125,270
1300/07	2012	1300	2301	10	2000391487	001		1,576
2001/05	2012	1300	2602	10	2000391487	002	-1,576
1101/51	2012	1007	2301	10	2000391488	001		316
2001/05	2012	1300	2602	10	2000391488	002	-316
0352/04	2012	1300	2301	10	2000391575	001		788
2001/05	2012	1300	2602	10	2000391575	002	-788
1701/04	2012	1300	2600	10	2000391745	001		600,000
2001/07	2012	1414	2602	10	2000391745	002	-600,000
0500/01	2012	1013	1102	11	2000392616	001		180,000
1701/07	2012	1414	1319	11	2000393923	001		1,515,000
2001/07	2012	1414	2602	11	2000393923	002	-1,515,000
0500/01	2012	1013	1102	11	2000394349	001		1,600,000
0700/20	2012	1300	2300	11	2000395265	001		8,274
2001/05	2012	1300	2602	11	2000395265	002	-8,274
0500/01	2012	1013	2301	11	2000395268	001		2,443
2001/05	2012	1300	2602	11	2000395268	002	-2,443
0200/07	2012	1414	1320	11	2000396969	001		14,400
2001/05	2012	1300	2602	11	2000396969	002	-14,400
0101/05	2012	1300	2601	11	2000397112	001		9,360
0102/04	2012	1300	2602	11	2000397112	002	-9,360
2001/05	2012	1300	2602	11	2000397193	002	-10,000
1106/01	2012	1300	2301	12	2000399905	001		472
2001/05	2012	1300	2602	12	2000399905	002	-472
0500/20	2012	1013	0699	12	2000399907	002	-7,800
0900/01	2012	1024	0800	12	2000399907	001		7,800
1106/01	2012	1300	2301	12	2000399968	001		394
2001/05	2012	1300	2602	12	2000399968	002	-394
1106/01	2012	1300	2301	12	2000399969	001		472
2001/05	2012	1300	2602	12	2000399969	002	-472
1360/03	2012	1008	1202	12	2000401675	001		97,200
0600/23	2012	1300	2602	12	2000404321	002	-516,322
1106/01	2012	1701	2706	12	2000404321	001		516,322
0500/01	2012	1013	1102	12	2000405665	001		24,000
0500/01	2012	1013	1102	12	2000405667	001		147,500
1100/01	2012	1300	2600	12	2000405906	001		158
2001/05	2012	1300	2602	12	2000405906	002	-158
0800/23	2012	1300	2301	12	2000406292	001		3,861
2001/05	2012	1300	2602	12	2000406292	002	-3,861
0700/01	2012	1026	1102	12	2000406324	001		25,000
0700/01	2012	1026	1102	12	2000406325	001		54,725
0800/23	2013	1300	0699	1	2000412268	002	-500,000
1100/01	2013	1012	0900	1	2000412268	001		500,000
1100/01	2013	1012	0900	1	2000413178	002	-200,000
1106/01	2013	1300	0699	1	2000413178	001		200,000
0500/20	2013	1013	0601	1	2000413907	001		20,200
0500/01	2013	1013	1102	1	2000414294	001		75,100
0102/04	2013	1300	2602	1	2000415513	002	-1,950
0109/05	2013	1300	2300	1	2000415513	001		1,950
0700/01	2013	1051	1102	2	2000416350	001		100,000
0500/01	2013	1013	1102	2	2000416363	001		61,000
0700/01	2013	1051	1102	2	2000416683	001		55,000
0700/01	2013	1051	1102	2	2000416684	001		25,000
0500/20	2013	1013	2015	2	2000418029	001		7,470
0500/20	2013	1013	2015	2	2000418030	001		39,000
1100/01	2013	1012	0900	2	2000420470	001		300,000
1200/04	2013	1482	2602	2	2000420470	002	-300,000
1100/01	2013	1012	0900	2	2000420471	001		200,000
1200/04	2013	1482	2602	2	2000420471	002	-200,000
0200/07	2013	1414	1320	3	2000423549	001		14,400
2001/05	2013	1300	2602	3	2000423549	002	-14,400
0500/01	2013	1013	1102	3	2000425441	001		50,000
0500/01	2013	1013	1102	3	2000425442	001		34,000
0500/01	2013	1013	1102	3	2000425493	001		25,600
1100/01	2013	1012	0900	3	2000427046	001		325,000
1200/04	2013	1482	2602	3	2000427046	002	-325,000
0900/21	2013	1300	0801	3	2000427218	002	-102,200
1101/51	2013	1007	0901	3	2000427218	001		102,200
0357/04	2013	1301	1200	4	2000427445	001		55,920
1300/01	2013	1010	2600	4	2000427445	002	-55,920
0500/01	2013	1013	1102	4	2000428654	001		7,000
0101/05	2013	1300	2300	4	2000432566	001		15,000
2001/05	2013	1300	2602	4	2000432566	002	-15,000
1701/04	2013	1300	2300	4	2000433936	001		1,458
2001/07	2013	1414	2602	4	2000433936	002	-1,458
0900/21	2013	1300	0801	4	2000434653	002	-9,000
1703/05	2013	1300	0801	4	2000434653	001		9,000
0102/04	2013	1300	2600	5	2000438936	001		7,500
0900/21	2013	1300	0801	5	2000438936	002	-7,500
0600/23	2013	1300	2600	5	2000440252	001		37,000
0700/01	2013	1300	0699	5	2000440252	002	-37,000
0600/23	2013	1300	2602	5	2000440595	002	-381,930
1106/01	2013	1701	2706	5	2000440595	001		381,930
0500/01	2013	1013	1102	5	2000440960	001		58,500
0600/20	2013	1300	2202	5	2000441961	001		467,930
0500/01	2013	1013	1102	6	2000442659	001		7,000
0500/01	2013	1013	1102	6	2000442660	001		1,300
0500/01	2013	1013	1102	6	2000448041	001		325,000
0500/01	2013	1013	1102	7	2000450848	001		10,418
0600/20	2013	1300	2202	7	2000456867	001		-467,930
0500/20	2013	1013	0699	8	2000461516	002	-10,000
1100/01	2013	1012	0900	8	2000461516	001		10,000
0357/04	2013	1301	2602	9	2000464834	002	-13,000
0600/23	2013	1300	2600	9	2000464834	001		13,000
0700/01	2013	1051	0699	9	2000465204	001		2,000
1100/01	2013	1012	0900	9	2000465204	002	-2,000
1701/04	2013	1300	2600	9	2000467633	001		1,102,520
2001/05	2013	1300	2602	9	2000467633	002	-1,102,520
1701/07	2013	1414	1319	9	2000467634	001		1,430,333
2001/05	2013	1300	2602	9	2000467634	002	-1,430,333
1701/07	2013	1414	1320	9	2000467635	001		348,140
2001/05	2013	1300	2602	9	2000467635	002	-348,140
1701/04	2013	1300	2600	9	2000468196	001		220,000
2001/07	2013	1414	2602	9	2000468196	002	-220,000
0900/21	2013	1300	0801	9	2000469043	002	-4,500
2001/05	2013	1300	2600	9	2000469043	001		4,500
0101/05	2013	1300	2602	10	2000469618	002	-3,000
0700/01	2013	1300	0699	10	2000469618	001		3,000
0600/20	2013	1300	2202	10	2000470743	001		467,000
0500/20	2013	1013	2015	10	2000473721	001		40,850
0500/01	2013	1013	1102	10	2000473722	001		7,157
0500/20	2013	1013	2300	10	2000473763	001		3,170
0900/21	2013	1300	0801	10	2000473763	002	-3,170
0500/01	2013	1013	1102	10	2000473921	001		13,000
0102/04	2013	1300	2602	10	2000473923	002	-3,427
0109/05	2013	1300	2300	10	2000473923	001		3,427
0500/20	2013	1013	0699	10	2000475153	002	-220,000
1300/01	2013	1718	1202	10	2000475153	001		220,000
0102/04	2013	1300	2600	10	2000475553	001		13,200
0900/21	2013	1300	0801	10	2000475553	002	-13,200
0354/04	2013	1301	2600	11	2000478917	001		175,320
0700/01	2013	1300	0699	11	2000478917	002	-175,320
0101/05	2013	1300	2602	12	2000486069	002	-1,482
0500/01	2013	1013	2300	12	2000486069	001		1,482
0200/07	2014	1414	1320	1	2000496023	001		14,400
2001/05	2014	1300	2602	1	2000496023	002	-14,400
0500/01	2014	1013	2300	1	2000496572	001		1,300
1200/04	2014	1099	2602	1	2000496572	002	-1,300
0109/05	2014	1300	2602	1	2000498025	002	-1,950
0200/04	2014	1300	0699	1	2000498025	001		1,950
0900/21	2014	1300	0801	2	2000498663	002	-1,950
1100/01	2014	1012	0900	2	2000498663	001		1,950
0500/01	2014	1013	2300	2	2000501453	001		10,000
1200/04	2014	1099	2602	2	2000501453	002	-10,000
0357/04	2014	1301	2602	2	2000503480	002	-845
1300/01	2014	1718	1202	2	2000503480	001		845
0500/01	2014	1013	1102	2	2000503702	001		12,500
1200/04	2014	1099	2602	2	2000503702	002	-12,500
0500/01	2014	1013	1102	2	2000503753	001		18,367
1200/04	2014	1099	2602	2	2000503753	002	-18,367
0600/23	2014	1300	2602	2	2000503821	002	-389,485
1106/01	2014	1701	2706	2	2000503821	001		389,485
0500/23	2014	1300	0801	3	2000505762	001		4,500
0900/21	2014	1300	0801	3	2000505762	002	-4,500
0700/01	2014	1051	1102	3	2000508657	001		15,000
1200/04	2014	1099	2602	3	2000508657	002	-15,000
1100/01	2014	1012	0900	3	2000509923	001		750,000
1200/04	2014	1482	2602	3	2000509923	002	-750,000
0500/01	2014	1013	1102	3	2000511341	001		3,000
0900/21	2014	1300	0801	3	2000511341	002	-3,000
0101/05	2014	1300	2300	5	2000517774	001		15,000
2001/05	2014	1300	2602	5	2000517774	002	-15,000
0101/05	2014	1300	2300	5	2000517836	001		6,784
0102/04	2014	1300	2602	5	2000517836	002	-6,784
1100/01	2014	1012	0900	5	2000519497	001		200,000
1200/04	2014	1482	2602	5	2000519497	002	-200,000
0900/21	2014	1300	0801	5	2000523515	002	-12,585
1101/51	2014	1007	0901	5	2000523515	001		12,585
0600/23	2014	1300	2602	5	2000524636	002	-460,500
1106/01	2014	1760	2706	5	2000524636	001		460,500
0900/21	2014	1300	0801	6	2000525227	002	-1,000
1103/01	2014	1020	1202	6	2000525227	001		1,000
0900/21	2014	1300	0801	6	2000528367	002	-1,500
1103/01	2014	1020	1202	6	2000528367	001		1,500
0360/05	2014	1301	0303	6	2000530063	002	-120,000
1901/05	2014	1300	2900	6	2000530063	001		120,000
0600/23	2014	1300	2602	5	2000530247	002	460,500
1106/01	2014	1760	2706	5	2000530247	001		-460,500
0600/23	2014	1300	2602	6	2000530429	002	-460,500
1106/01	2014	1760	2706	6	2000530429	001		460,500
0600/23	2014	1300	2602	6	2000530470	002	460,500
1106/01	2014	1760	2706	6	2000530470	001		-460,500
0500/20	2014	1013	0699	6	2000530821	002	-115,000
1100/01	2014	1012	0900	6	2000530821	001		115,000
0600/20	2014	1021	1201	7	2000533023	001		19,000
0900/21	2014	1300	0801	7	2000533023	002	-19,000
0500/01	2014	1013	1102	7	2000537287	001		30,000
1200/04	2014	1099	2602	7	2000537287	002	-30,000
0101/05	2014	1300	2300	7	2000537567	001		13,500
0102/04	2014	1300	2602	7	2000537567	002	-13,500
0600/23	2014	1300	2602	7	2000538292	002	-460,500
1106/01	2014	1760	2706	7	2000538292	001		460,500
0500/01	2014	1013	2300	7	2000538313	001		1,900
0900/21	2014	1300	0801	7	2000538313	002	-1,900
0500/01	2014	1013	1102	7	2000538445	001		10,000
1200/04	2014	1099	2602	7	2000538445	002	-10,000
0500/01	2014	1013	1102	7	2000538446	001		400
1200/04	2014	1099	2602	7	2000538446	002	-400
0500/01	2014	1013	1102	7	2000538447	001		800
1200/04	2014	1099	2602	7	2000538447	002	-800
0500/01	2014	1013	1102	7	2000538448	001		1,850
1200/04	2014	1099	2602	7	2000538448	002	-1,850
0701/01	2014	1039	2300	7	2000540808	001		13,513
1704/04	2014	1300	2400	7	2000540808	002	-13,513
0600/23	2014	1300	2600	8	2000541776	001		1
2001/05	2014	1300	2602	8	2000541776	002	-1
0600/23	2014	1300	2600	8	2000541906	001		-1
2001/05	2014	1300	2602	8	2000541906	002	1
0600/20	2014	1021	1201	8	2000542277	001		37,000
0700/01	2014	1300	0699	8	2000542277	002	-37,000
0500/23	2014	1300	0800	8	2000543648	001		3,208
0900/21	2014	1300	0801	8	2000543648	002	-3,208
0500/20	2014	1300	2600	8	2000543845	001		837
0500/01	2014	1013	1102	8	2000543884	001		800
1200/04	2014	1099	2602	8	2000543884	002	-800
0357/04	2014	1301	2602	8	2000545551	002	-10,165.3
0802/04	2014	1300	2600	8	2000545551	001		10,165.3
0357/04	2014	1301	2602	8	2000545599	002	-11,534.4
0802/04	2014	1300	2600	8	2000545599	001		11,534.4
0600/01	2014	1021	0800	8	2000546308	001		13,000
0900/21	2014	1300	0801	8	2000546308	002	-13,000
1701/07	2014	1414	1320	9	2000551060	001		348,140
2001/07	2014	1414	2602	9	2000551060	002	-348,140
0101/05	2014	1300	2601	9	2000552401	001		2,000
0102/04	2014	1300	2602	9	2000552401	002	-2,000
0800/23	2014	1300	0801	9	2000553220	001		258
0900/21	2014	1300	0801	9	2000553220	002	-258
0900/21	2014	1300	0801	10	2000554454	002	-2,241
1703/05	2014	1300	0800	10	2000554454	001		2,241
0500/01	2014	1013	1102	10	2000557421	001		800
1200/04	2014	1099	2602	10	2000557421	002	-800
0500/01	2014	1013	1102	10	2000557467	001		35,000
1200/04	2014	1099	2602	10	2000557467	002	-35,000
0500/01	2014	1013	1102	10	2000565301	001		-35,000
1200/04	2014	1099	2602	10	2000565301	002	35,000
0500/01	2014	1013	1102	12	2000567511	001		35,000
1200/04	2014	1099	2602	12	2000567511	002	-35,000
0500/01	2014	1013	1102	12	2000568335	001		2,100
1200/04	2014	1099	2602	12	2000568335	002	-2,100
0500/01	2014	1013	1102	12	2000568337	001		415
1200/04	2014	1099	2602	12	2000568337	002	-415
0500/20	2014	1300	2600	12	2000568701	001		1,200
0600/23	2014	1300	2602	12	2000568701	002	-1,200
1701/04	2014	1300	2600	12	2000571329	001		1,322,520
2001/07	2014	1414	2602	12	2000571329	002	-1,322,520
1701/07	2014	1414	1319	12	2000571330	001		1,896,860
2001/07	2014	1414	2602	12	2000571330	002	-1,896,860
0500/01	2014	1013	1102	12	2000574603	001		-2,100
1200/04	2014	1099	2602	12	2000574603	002	2,100
0200/07	2015	1414	1320	1	2000578791	001		14,400
2001/05	2015	1300	2602	1	2000578791	002	-14,400
0701/01	2015	1039	0699	1	2000579176	001		5,000
1704/04	2015	1300	2400	1	2000579176	002	-5,000
0101/05	2015	1300	2601	1	2000579373	001		5,800
0102/04	2015	1300	2602	1	2000579373	002	-5,800
0800/23	2015	1300	0699	1	2000580455	002	-300,000
1100/01	2015	1012	0900	1	2000580455	001		300,000
1100/01	2015	1012	0900	1	2000580459	001		750,000
1200/04	2015	1482	2602	1	2000580459	002	-750,000
0102/04	2015	1300	2602	2	2000583817	002	-4,832
0109/05	2015	1300	2300	2	2000583817	001		4,832
1100/01	2015	1012	0900	2	2000585153	001		200,000
1200/04	2015	1482	2602	2	2000585153	002	-200,000
1100/01	2015	1012	0900	2	2000585154	001		300,000
1200/04	2015	1482	2602	2	2000585154	002	-300,000
0600/01	2015	1021	0800	2	2000586271	001		40,000
0900/21	2015	1300	0801	2	2000586271	002	-40,000
0102/04	2015	1300	2602	2	2000588364	002	4,832
0109/05	2015	1300	2300	2	2000588364	001		-4,832
0101/05	2015	1300	2601	3	2000589068	001		3,722
0102/04	2015	1300	2602	3	2000589068	002	-3,722
0700/01	2015	1051	1102	3	2000590796	001		78,000
0800/23	2015	1300	0699	3	2000590796	002	-78,000
0102/04	2015	1300	2602	3	2000592805	002	-1,575
0109/05	2015	1300	2300	3	2000592805	001		1,575
0600/01	2015	1021	0800	4	2000599795	001		8,000
1100/01	2015	1012	0900	4	2000599795	002	-8,000
0357/04	2015	1301	2602	5	2000601060	002	-1,999.99
0600/01	2015	1021	0800	5	2000601060	001		1,999.99
0500/20	2015	1013	0699	5	2000604623	002	-1,600
0700/01	2015	1300	2300	5	2000604623	001		1,600
0700/01	2015	1300	0699	5	2000604636	002	-810,811
0701/01	2015	1039	0699	5	2000604636	001		810,811
1200/04	2015	1482	0699	5	2000605022	001		22,800
2800/20	2015	1300	2602	5	2000605022	002	-22,800
0500/01	2015	1013	1102	5	2000608455	001		653
1200/04	2015	1099	2602	5	2000608455	002	-653
0500/01	2015	1013	1102	5	2000608456	001		1,741
1200/04	2015	1099	2602	5	2000608456	002	-1,741
0700/01	2015	1051	1102	6	2000609192	001		50,000
1200/04	2015	1099	2602	6	2000609192	002	-50,000
0500/01	2015	1013	1102	6	2000610125	001		200,000
1200/04	2015	1099	2602	6	2000610125	002	-200,000
0357/04	2015	1301	2602	6	2000611865	002	-38,500
1100/01	2015	1300	2600	6	2000611865	001		38,500
0500/01	2015	1013	2300	6	2000612127	001		2,320
0600/23	2015	1300	2602	6	2000612127	002	-2,320
0600/01	2015	1021	0800	6	2000613666	001		28,670
0900/21	2015	1300	0801	6	2000613666	002	-28,670
0600/01	2015	1021	0800	6	2000613667	001		26,400
0900/21	2015	1300	0801	6	2000613667	002	-26,400
0102/04	2015	1300	2602	6	2000613951	002	-225
0500/01	2015	1013	2300	6	2000613951	001		225
0600/01	2015	1021	0800	7	2000618021	001		22,200
0900/21	2015	1300	0801	7	2000618021	002	-22,200
0600/01	2015	1021	1102	7	2000618144	001		2,700
1200/04	2015	1099	2602	7	2000618144	002	-2,700
0600/01	2015	1021	0800	7	2000620317	001		120,600
0900/21	2015	1300	0801	7	2000620317	002	-120,600
0357/04	2015	1301	2602	7	2000620445	002	-193
1300/01	2015	1010	0611	7	2000620445	001		193
0500/01	2015	1013	1102	7	2000620678	001		60,000
1200/04	2015	1099	2602	7	2000620678	002	-60,000
0500/01	2015	1013	1102	7	2000620679	001		100,000
1200/04	2015	1099	2602	7	2000620679	002	-100,000
0600/01	2015	1021	0800	7	2000623093	001		41,700
0900/21	2015	1300	0801	7	2000623093	002	-41,700
0600/01	2015	1021	1102	8	2000627186	001		255,000
1200/04	2015	1099	2602	8	2000627186	002	-255,000
0600/23	2015	1300	0699	8	2000627187	001		15,000
0800/23	2015	1300	0699	8	2000627187	002	-15,000
0600/01	2015	1021	0800	9	2000631580	001		11,999.99
0900/21	2015	1300	0801	9	2000631580	002	-11,999.99
0600/23	2015	1300	0800	9	2000631581	001		33,600
0900/21	2015	1300	0801	9	2000631581	002	-33,600
0357/04	2015	1301	2602	9	2000631582	002	-25,000
0600/20	2015	1301	0300	9	2000631582	001		25,000
0600/23	2015	1300	2602	9	2000633422	002	-194,714
1106/01	2015	1701	2706	9	2000633422	001		194,714
0600/20	2015	1021	1201	9	2000633997	001		42,999
0700/01	2015	1300	0699	9	2000633997	002	-42,999
0600/23	2015	1300	0800	9	2000633998	001		8,600
0900/21	2015	1300	0801	9	2000633998	002	-8,600
0800/23	2015	1300	0699	10	2000635549	002	-17,862
1100/01	2015	1012	0900	10	2000635549	001		17,862
0700/01	2015	1300	0699	10	2000637857	002	-175,000
0701/01	2015	1039	0699	10	2000637857	001		175,000
0600/01	2015	1021	0800	10	2000640779	001		96,700
0900/21	2015	1300	0801	10	2000640779	002	-96,700
0101/05	2015	1300	2601	10	2000642520	001		2,702
0102/04	2015	1300	2602	10	2000642520	002	-2,702
1701/04	2015	1300	2600	10	2000642598	001		1,350,000
2001/07	2015	1414	2602	10	2000642598	002	-1,350,000
0101/05	2015	1300	2601	10	2000642602	001		1,350
0102/04	2015	1300	2602	10	2000642602	002	-1,350
1701/07	2015	1414	1320	10	2000642663	001		350,000
2001/07	2015	1414	2602	10	2000642663	002	-350,000
1701/07	2015	1414	1319	10	2000642664	001		1,900,000
2001/07	2015	1414	2602	10	2000642664	002	-1,900,000
0101/05	2015	1300	2602	11	2000644985	002	-4,840
0500/01	2015	1013	2300	11	2000644985	001		4,840
0700/01	2015	1300	0699	11	2000645132	002	-2,703,000
0701/01	2015	1039	0699	11	2000645132	001		2,703,000
1100/01	2015	1012	0900	11	2000648494	001		750,000
1200/04	2015	1482	2602	11	2000648494	002	-750,000
0600/01	2015	1021	1102	11	2000649480	001		5,000,000
1200/04	2015	1099	2602	11	2000649480	002	-5,000,000
1100/01	2015	1012	0900	11	2000650655	001		50,000
1200/04	2015	1482	2602	11	2000650655	002	-50,000
1100/01	2015	1012	0900	11	2000650656	001		300,000
1200/04	2015	1482	2602	11	2000650656	002	-300,000
0500/01	2015	1013	1102	12	2000652221	001		175,000
1200/04	2015	1099	2602	12	2000652221	002	-175,000
0200/04	2015	1300	0699	12	2000654894	001		18,000
0900/21	2015	1300	0801	12	2000654894	002	-18,000
0500/01	2015	1013	1102	12	2000655290	001		375,000
1200/04	2015	1099	2602	12	2000655290	002	-375,000
1701/04	2015	1300	2600	12	2000655511	001		50,000
2001/05	2015	1300	2602	12	2000655511	002	-50,000
1360/03	2016	1008	2600	2	2000666153	002	-4,170
1901/05	2016	1300	2900	2	2000666153	001		4,170
0900/21	2016	1300	0801	2	2000666888	002	-1,500
1703/05	2016	1300	0801	2	2000666888	001		1,500
0109/05	2016	1300	2602	2	2000668588	002	-2,130
0500/20	2016	1013	2300	2	2000668588	001		2,130
0500/01	2016	1013	1102	2	2000670945	001		1,324
1200/04	2016	1099	2602	2	2000670945	002	-1,324
0900/21	2016	1300	0801	2	2000672315	002	-6,000
1703/05	2016	1300	0801	2	2000672315	001		6,000
0200/04	2016	1300	0699	3	2000673273	001		6,000
0900/21	2016	1300	0801	3	2000673273	002	-6,000
0200/07	2016	1414	1320	3	2000675661	001		14,400
2001/05	2016	1300	2602	3	2000675661	002	-14,400
0600/20	2016	1021	1201	4	2000680001	001		37,000
0700/01	2016	1300	0699	4	2000680001	002	-37,000
0600/23	2016	1300	2602	5	2000686415	002	-267,342
1106/01	2016	1701	2706	5	2000686415	001		267,342
0500/01	2016	1013	1102	5	2000691558	001		30,000
1200/04	2016	1099	2602	5	2000691558	002	-30,000
0500/01	2016	1013	1102	6	2000695565	001		39,000
1200/04	2016	1099	2602	6	2000695565	002	-39,000
0700/01	2016	1051	1102	6	2000695649	001		500,000
1200/04	2016	1099	2602	6	2000695649	002	-500,000
0101/05	2016	1300	2300	6	2000697557	001		1,215
0102/04	2016	1300	2602	6	2000697557	002	-1,215
0500/20	2016	1013	0699	6	2000698413	002	-100,000
1100/01	2016	1012	0900	6	2000698413	001		100,000
0600/23	2016	1300	0800	6	2000698711	001		1,230,000
0900/21	2016	1300	0801	6	2000698711	002	-1,230,000
0600/23	2016	1300	2602	6	2000699407	002	-7,410
0700/01	2016	1300	2300	6	2000699407	001		7,410
0800/23	2016	1300	0699	7	2000701205	002	-709,694
1100/01	2016	1012	0900	7	2000701205	001		709,694
0500/01	2016	1013	1102	7	2000701220	001		26,630
0800/23	2016	1300	0699	7	2000701220	002	-26,630
0800/23	2016	1300	0699	7	2000705190	002	-140,306
1100/01	2016	1012	0900	7	2000705190	001		140,306
0600/23	2016	1300	2602	8	2000708399	002	-801,785
1106/01	2016	1701	2706	8	2000708399	001		801,785
0500/01	2016	1013	1102	9	2000715563	001		340,000
1200/04	2016	1099	2602	9	2000715563	002	-340,000
0800/23	2016	1300	0699	9	2000720661	002	-300,000
1100/01	2016	1012	0900	9	2000720661	001		300,000
0700/20	2016	1051	1101	9	2000721844	001		79,000
0900/21	2016	1300	0801	9	2000721844	002	-79,000
0700/20	2016	1051	1102	9	2000721989	001		20,000
1200/04	2016	1099	2602	9	2000721989	002	-20,000
1703/05	2016	1300	0801	10	2000722765	002	-45,000
1900/05	2016	1300	0601	10	2000722765	001		45,000
0356/04	2016	1301	0501	10	2000726516	002	-10,100
0357/04	2016	1301	1200	10	2000726516	001		10,100
0500/01	2016	1013	1102	11	2000732223	001		1,300
1200/04	2016	1099	2602	11	2000732223	002	-1,300
0600/23	2016	1300	0699	11	2000732707	001		77,600
0800/23	2016	1300	0699	11	2000732707	002	-77,600
0500/20	2016	1013	0699	11	2000732808	002	-450,000
1100/01	2016	1012	0900	11	2000732808	001		450,000
0700/20	2016	1051	1102	11	2000733301	001		16,000
0900/21	2016	1300	0801	11	2000733301	002	-16,000
1701/07	2016	1414	1319	11	2000733346	001		1,900,000
2001/07	2016	1414	2602	11	2000733346	002	-1,900,000
1701/07	2016	1414	1320	11	2000733347	001		350,000
2001/07	2016	1414	2602	11	2000733347	002	-350,000
1701/04	2016	1300	2600	11	2000733348	001		1,350,000
2001/05	2016	1300	2602	11	2000733348	002	-1,350,000
0500/01	2016	1013	1102	11	2000734803	001		10,000
1200/04	2016	1099	2602	11	2000734803	002	-10,000
0355/04	2016	1300	2600	11	2000735406	001		80,000
0357/04	2016	1301	2602	11	2000735406	002	-80,000
0600/01	2016	1021	1102	12	2000736648	001		710,000
1200/04	2016	1099	2602	12	2000736648	002	-710,000
0600/01	2016	1021	1102	12	2000736698	001		350,000
1200/04	2016	1099	2602	12	2000736698	002	-350,000
1701/04	2016	1300	2301	12	2000737015	001		55,540
2001/05	2016	1300	2602	12	2000737015	002	-55,540
0500/01	2016	1013	1102	12	2000737105	001		65,000
1200/04	2016	1099	2602	12	2000737105	002	-65,000
0500/01	2016	1013	1102	12	2000740051	001		30,000
1200/04	2016	1099	2602	12	2000740051	002	-30,000
1200/04	2016	1099	2602	12	2000741236	002	-40,000
1200/04	2016	1300	1101	12	2000741236	001		40,000
0101/05	2017	1300	2300	2	2000752734	001		1,650
0102/04	2017	1300	2602	2	2000752734	002	-1,650
0357/04	2017	1301	2602	2	2000753844	002	-10,000
1300/01	2017	1718	1202	2	2000753844	001		10,000
0101/05	2017	1300	2602	2	2000754199	002	-12,000
0700/23	2017	1300	2403	2	2000754199	001		12,000
0600/23	2017	1300	2602	2	2000755063	002	-10,000
0700/20	2017	1051	1102	2	2000755063	001		10,000
0900/21	2017	1300	0801	3	2000759147	002	-143,500
1101/51	2017	1007	0901	3	2000759147	001		143,500
0900/21	2017	1300	0801	3	2000759148	002	-78,750
1101/51	2017	1007	0901	3	2000759148	001		78,750
0900/21	2017	1300	0801	3	2000759149	002	-295,000
1161/51	2017	1050	0901	3	2000759149	001		295,000
0900/21	2017	1300	0801	3	2000759150	002	-78,750
1161/51	2017	1050	0901	3	2000759150	001		78,750
0357/04	2017	1301	2602	3	2000760487	002	-12,000
1300/01	2017	1718	1202	3	2000760487	001		12,000
0200/07	2017	1414	1320	3	2000760559	001		14,400
2001/05	2017	1300	2602	3	2000760559	002	-14,400
0500/20	2017	1013	0699	3	2000761592	002	-250,000
1300/01	2017	1010	0900	3	2000761592	001		250,000
0600/23	2017	1300	0699	3	2000763183	001		37,000
0700/01	2017	1300	0699	3	2000763183	002	-37,000
0900/21	2017	1300	0801	4	2000764043	002	-23,701
1703/05	2017	1300	0801	4	2000764043	001		23,701
0500/01	2017	1013	1102	4	2000764144	001		60,000
1200/04	2017	1099	2602	4	2000764144	002	-60,000
0600/01	2017	1021	1102	4	2000766329	001		150,000
1200/04	2017	1099	2602	4	2000766329	002	-150,000
0900/21	2017	1300	0801	5	2000769829	002	-5,870
2800/20	2017	1300	0801	5	2000769829	001		5,870
0600/23	2017	1300	0800	5	2000774558	001		35,000
0900/21	2017	1300	0801	5	2000774558	002	-35,000
0500/01	2017	1013	2300	6	2000776668	001		3,958
0600/23	2017	1300	2602	6	2000776668	002	-3,958
0102/04	2017	1300	2600	6	2000780955	001		150
2001/05	2017	1300	2602	6	2000780955	002	-150
0101/05	2017	1300	2602	6	2000784154	002	-4,305
0500/01	2017	1013	2300	6	2000784154	001		4,305
0500/01	2017	1013	1102	7	2000786806	001		20,000
1200/04	2017	1099	2602	7	2000786806	002	-20,000
1704/04	2017	1300	2400	7	2000788917	002	-21,828
2001/05	2017	1300	2400	7	2000788917	001		21,828
0600/23	2017	1300	2602	7	2000790946	002	-409,817
1106/01	2017	1701	2706	7	2000790946	001		409,817
0102/04	2017	1300	2602	7	2000791099	002	-901
2001/05	2017	1300	2300	7	2000791099	001		901
0500/01	2017	1013	1102	8	2000797920	001		21,551
1200/04	2017	1099	2602	8	2000797920	002	-21,551
0101/05	2017	1300	2602	9	2000802228	002	-4,620
0600/23	2017	1300	0699	9	2000802228	001		4,620
0101/05	2017	1300	2602	10	2000809491	002	-4,305
0600/23	2017	1300	0699	10	2000809491	001		4,305
0352/04	2017	1301	0204	11	2000811313	001		20,000
0600/23	2017	1300	2602	11	2000811313	002	-20,000
0500/20	2017	1013	0699	11	2000811495	002	-450,000
1100/01	2017	1012	0900	11	2000811495	001		450,000
1701/07	2017	1414	1320	11	2000812388	001		350,000
2001/07	2017	1414	2602	11	2000812388	002	-350,000
1701/07	2017	1414	1319	11	2000812389	001		1,900,000
2001/07	2017	1414	2602	11	2000812389	002	-1,900,000
1701/04	2017	1300	2600	11	2000812390	001		921,000
2001/05	2017	1300	2602	11	2000812390	002	-921,000
1704/04	2017	1300	2400	11	2000812989	002	-8,690
2001/05	2017	1300	2400	11	2000812989	001		8,690
1704/04	2017	1300	2400	11	2000812990	002	-5,342
2001/05	2017	1300	2400	11	2000812990	001		5,342
0101/05	2017	1300	0404	11	2000815761	001		21,450
0900/21	2017	1300	0801	11	2000815761	002	-21,450
0600/23	2017	1300	2602	12	2000817635	002	-404,923
1106/01	2017	1701	2706	12	2000817635	001		404,923
0200/07	2017	1414	1320	12	2000820883	001		14,400
2001/05	2017	1300	2602	12	2000820883	002	-14,400
0800/23	2017	1300	0699	12	2000821381	002	-65,000
1100/01	2017	1012	0900	12	2000821381	001		65,000
0101/05	2018	1300	2602	1	2000824151	002	-5,245
0500/01	2018	1013	2300	1	2000824151	001		5,245
0700/20	2018	1051	1200	1	2000824174	002	-1,350,000
0701/01	2018	1039	0699	1	2000824174	001		1,350,000
0102/04	2018	1300	2602	1	2000824453	002	-470.58
0500/01	2018	1013	2300	1	2000824453	001		470.58
0102/04	2018	1300	2600	1	2000827693	001		445
0900/21	2018	1300	0801	1	2000827693	002	-445
1300/07	2018	1300	2301	1	2000828919	001		1,800
2001/05	2018	1300	2602	1	2000828919	002	-1,800
1106/01	2018	1300	2301	1	2000828920	001		3,600
2001/05	2018	1300	2602	1	2000828920	002	-3,600
0101/05	2018	1300	2300	1	2000828922	001		262
0102/04	2018	1300	2602	1	2000828922	002	-262
0102/04	2018	1300	2600	2	2000830086	001		100
0900/21	2018	1300	0801	2	2000830086	002	-100
0500/01	2018	1013	1102	2	2000832411	001		500,000
1200/04	2018	1099	2602	2	2000832411	002	-500,000
0500/01	2018	1013	1102	2	2000833398	001		60,000
1200/04	2018	1099	2602	2	2000833398	002	-60,000
0500/01	2018	1013	1102	2	2000834642	001		6,286
1200/04	2018	1099	2602	2	2000834642	002	-6,286
0700/23	2018	1300	2403	2	2000834892	001		16,200
2001/05	2018	1300	2602	2	2000834892	002	-16,200
0102/04	2018	1300	2600	3	2000837844	001		400
0900/21	2018	1300	0801	3	2000837844	002	-400
0101/05	2018	1300	2602	3	2000838007	002	-9,390
0500/01	2018	1013	2300	3	2000838007	001		9,390
0700/20	2018	1051	1102	3	2000838613	001		500,000
1200/04	2018	1099	2602	3	2000838613	002	-500,000
0700/20	2018	1051	1102	3	2000838614	001		5,000
1200/04	2018	1099	2602	3	2000838614	002	-5,000
0600/20	2018	1021	1201	4	2000840866	001		37,000
0700/01	2018	1300	0699	4	2000840866	002	-37,000
0600/20	2018	1021	1200	4	2000841093	001		50,000
1200/04	2018	1099	2602	4	2000841093	002	-50,000
1106/01	2018	1300	2301	4	2000842711	001		20,143
2001/05	2018	1300	2602	4	2000842711	002	-20,143
0900/21	2018	1300	0801	4	2000845928	002	-1,000
2800/20	2018	1300	0801	4	2000845928	001		1,000
0101/05	2018	1300	2602	5	2000848722	002	-4,695
0600/23	2018	1300	0699	5	2000848722	001		4,695
0600/07	2018	1300	2403	5	2000848736	001		16,200
2001/05	2018	1300	2602	5	2000848736	002	-16,200
1100/01	2018	1012	0900	5	2000848947	001		350,000
1200/04	2018	1482	2602	5	2000848947	002	-350,000
1701/04	2018	1300	2301	5	2000852831	001		41,195
2001/05	2018	1300	2602	5	2000852831	002	-41,195
1100/01	2018	1012	0900	8	2000865364	001		204,000
1200/04	2018	1482	2602	8	2000865364	002	-204,000
0800/23	2018	1300	0699	8	2000865639	002	-300,000
1100/01	2018	1012	0900	8	2000865639	001		300,000
0600/23	2018	1300	2602	8	2000867786	002	-34,000
1101/03	2018	1068	2800	8	2000867786	001		34,000
0600/23	2018	1300	2602	10	2000877280	002	-14,000
1100/01	2018	1012	0900	10	2000877280	001		14,000
0600/20	2018	1021	1200	11	2000882214	001		50,000
1200/04	2018	1099	2602	11	2000882214	002	-50,000
0700/20	2018	1051	1102	11	2000882215	001		10,000
1200/04	2018	1099	2602	11	2000882215	002	-10,000
1103/01	2018	1044	0699	11	2000883079	001		4,056,800
1200/04	2018	1099	2602	11	2000883079	002	-4,056,800
1106/01	2018	1300	2301	11	2000883911	001		3,511.46
2001/05	2018	1300	2602	11	2000883911	002	-3,511.46
1701/07	2018	1414	1320	11	2000885626	001		73,231
2001/07	2018	1414	2602	11	2000885626	002	-73,231
1701/07	2018	1414	1319	11	2000885627	001		1,027,941
2001/07	2018	1414	2602	11	2000885627	002	-1,027,941
1701/04	2018	1300	2600	11	2000885628	001		990,558
2001/07	2018	1414	2602	11	2000885628	002	-990,558
1701/04	2018	1300	2600	12	2000888921	001		131,721
2001/07	2018	1414	2602	12	2000888921	002	-131,721
1701/04	2018	1300	2301	12	2000888933	001		16,938
2001/07	2018	1414	2602	12	2000888933	002	-16,938
0600/20	2018	1021	1200	12	2000890438	001		78,200
1200/04	2018	1099	2602	12	2000890438	002	-78,200
1100/01	2018	1012	0900	12	2000892028	001		150,000
1200/04	2018	1482	2602	12	2000892028	002	-150,000
1103/01	2019	1044	0699	1	2000896297	001		8,268,320
1200/04	2019	1099	2602	1	2000896297	002	-8,268,320
0200/07	2019	1414	1320	1	2000898250	001		14,184
2001/05	2019	1300	2602	1	2000898250	002	-14,184
0200/07	2019	1414	1320	1	2000898702	001		216
2001/05	2019	1300	2602	1	2000898702	002	-216
0600/23	2019	1300	2602	2	2000900685	002	-599,087
1106/01	2019	1701	2706	2	2000900685	001		599,087
0600/23	2019	1300	2602	2	2000901448	002	-35,000
1161/51	2019	1050	0901	2	2000901448	001		35,000
0600/23	2019	1300	2602	2	2000902192	002	-45,000
1161/51	2019	1050	0901	2	2000902192	001		45,000
0600/23	2019	1300	2602	2	2000902223	002	-45,000
1101/51	2019	1007	0901	2	2000902223	001		45,000
0900/21	2019	1300	0801	2	2000903098	002	-73,304
1703/05	2019	1300	0801	2	2000903098	001		73,304
1153/51	2019	1068	0900	3	2000904484	001		600,000
1200/04	2019	1099	2602	3	2000904484	002	-600,000
0700/20	2019	1051	1200	3	2000904564	002	-1,464,000
0701/01	2019	1039	0699	3	2000904564	001		1,464,000
0700/20	2019	1051	1200	3	2000907324	002	1,464,000
0701/01	2019	1039	0699	3	2000907324	001		-1,464,000
1200/04	2019	1099	2602	4	2000910328	002	-280,000
1300/01	2019	1010	0900	4	2000910328	001		280,000
0800/23	2019	1300	0699	4	2000913036	002	-50,000
1100/01	2019	1012	0900	4	2000913036	001		50,000
0101/05	2019	1300	2601	5	2000917780	001		900,000
0500/20	2019	1013	0699	5	2000917780	002	-900,000
0500/20	2019	1013	0699	5	2000918675	002	-7,940
0600/23	2019	1300	2300	5	2000918675	001		7,940
0600/23	2019	1300	2602	5	2000919369	002	-166,589
1161/51	2019	1050	0901	5	2000919369	001		166,589
0600/23	2019	1300	0699	6	2000921115	001		35,000
1100/01	2019	1012	0900	6	2000921115	002	-35,000
0600/23	2019	1300	2602	6	2000926532	002	-26,500
1300/01	2019	1010	0900	6	2000926532	001		26,500
0800/20	2019	1008	1200	7	2000928893	001		490
1300/01	2019	1010	2600	7	2000928893	002	-490
1106/01	2019	1300	2301	7	2000930055	001		5,400
2001/05	2019	1300	2602	7	2000930055	002	-5,400
1100/01	2019	1012	0900	7	2000931056	001		300,000
1200/04	2019	1482	2602	7	2000931056	002	-300,000
1100/01	2019	1012	0900	7	2000931809	001		460,000
1200/04	2019	1482	2602	7	2000931809	002	-460,000
0101/05	2019	1300	2602	7	2000932645	002	-16,000
0500/01	2019	1013	2300	7	2000932645	001		16,000
1101/51	2019	1007	0900	8	2000933080	001		37,883
1704/04	2019	1300	2400	8	2000933080	002	-37,883
0800/23	2019	1300	0699	9	2000938116	002	-281,280
1701/04	2019	1300	0699	9	2000938116	001		281,280
0600/20	2019	1021	1200	9	2000940533	001		210,000
1200/04	2019	1099	2602	9	2000940533	002	-210,000
0700/20	2019	1051	1102	11	2000947479	001		323,250
1200/04	2019	1099	2602	11	2000947479	002	-323,250
1701/07	2019	1414	1319	11	2000949530	001		1,937,215
2001/07	2019	1414	2602	11	2000949530	002	-1,937,215
1103/01	2019	1741	1202	11	2000950151	001		474,000
1106/01	2019	1741	1367	11	2000950151	002	-474,000
1701/04	2019	1300	2600	11	2000951470	001		1,071,542
2001/05	2019	1300	2602	11	2000951470	002	-1,071,542
1701/07	2019	1414	1320	11	2000951471	001		150,000
2001/07	2019	1414	2602	11	2000951471	002	-150,000
1704/04	2019	1300	2400	12	2000953924	002	-12,733
2001/05	2019	1300	2400	12	2000953924	001		12,733
0700/20	2019	1300	2301	12	2000954156	001		7,200
2001/05	2019	1300	2602	12	2000954156	002	-7,200
0800/23	2019	1300	0699	12	2000954159	002	-77,134
1701/04	2019	1300	2600	12	2000954159	001		77,134
1200/04	2019	1099	2602	12	2000954708	002	-800,000
1300/01	2019	1010	0901	12	2000954708	001		800,000
0700/20	2020	1051	1102	1	2000963000	001		413,000
1200/04	2020	1099	2602	1	2000963000	002	-413,000
0200/07	2020	1414	1320	1	2000963681	001		14,400
2001/05	2020	1300	2602	1	2000963681	002	-14,400
0800/23	2020	1300	0699	1	2000964363	002	-818,000
1100/01	2020	1012	0900	1	2000964363	001		818,000
1106/01	2020	1300	2301	2	2000965846	001		5,400
2001/05	2020	1300	2602	2	2000965846	002	-5,400
0600/20	2020	1300	2301	2	2000966905	001		28,800
2001/05	2020	1300	2602	2	2000966905	002	-28,800
0600/20	2020	1300	2301	2	2000966906	001		21,600
2001/05	2020	1300	2602	2	2000966906	002	-21,600
0803/04	2020	1300	0699	5	2000975354	002	-860,000
0500/01	2020	1013	2300	5	2000975357	001		254
1100/01	2020	1012	0900	5	2000976723	001		1,250,000
1200/04	2020	1482	2602	5	2000976723	002	-1,250,000
0600/23	2020	1300	2602	5	2000978165	002	-94,000
0803/04	2020	1024	0801	5	2000978165	001		94,000
1704/04	2020	1300	2400	5	2000978166	002	-14,609
2001/05	2020	1300	2400	5	2000978166	001		14,609
0700/20	2020	1300	2301	5	2000978171	001		21,600
2001/05	2020	1300	2602	5	2000978171	002	-21,600
0600/23	2020	1300	2602	6	2000979052	002	-439,781
0101/05	2020	1300	2602	6	2000979777	002	-116,890
0600/23	2020	1300	2602	7	2000981457	002	-6,500
0803/04	2020	1024	0801	7	2000981457	001		6,500
0900/21	2020	1300	0801	9	2000990890	002	-52,149
1101/51	2020	1007	0900	9	2000990890	001		52,149
1701/07	2020	1414	1319	10	2000992870	001		1,196,885
2001/07	2020	1414	2602	10	2000992870	002	-1,196,885
1701/07	2020	1414	1320	10	2000992871	001		124,622
2001/07	2020	1414	2602	10	2000992871	002	-124,622
1701/04	2020	1300	2600	10	2000992884	001		1,086,066
2001/05	2020	1300	2602	10	2000992884	002	-1,086,066
0600/23	2020	1300	2602	10	2000993178	002	-2,950
0800/20	2020	1024	0800	10	2000993178	001		2,950
1103/01	2020	1044	0699	11	2001000530	001		765,500
1200/04	2020	1099	2602	11	2001000530	002	-765,500
0700/20	2020	1051	1102	12	2001003050	001		267,449
1200/04	2020	1099	2602	12	2001003050	002	-267,449
0600/23	2020	1300	2602	12	2001003436	002	-82,000
0700/20	2020	1051	1102	12	2001003436	001		82,000
1103/01	2021	1044	0699	1	2001006277	001		4,100,000
1200/04	2021	1099	2602	1	2001006277	002	-4,100,000
0200/07	2021	1414	1320	1	2001006505	001		14,400
2001/05	2021	1300	2602	1	2001006505	002	-14,400
0700/20	2021	1300	2301	2	2001009061	001		45,000
2001/05	2021	1300	2602	2	2001009061	002	-45,000
0600/20	2021	1300	2301	3	2001011332	001		12,600
2001/05	2021	1300	2602	3	2001011332	002	-12,600
0900/21	2021	1300	0801	3	2001013523	002	-3,892
1703/05	2021	1300	0801	3	2001013523	001		3,892
0200/07	2021	1414	1320	3	2001014668	001		240
2001/05	2021	1300	2602	3	2001014668	002	-240
1701/04	2021	1300	2600	3	2001014669	001		522,000
2001/05	2021	1300	2602	3	2001014669	002	-522,000
1704/04	2021	1300	2400	4	2001017922	002	-8,997
2001/05	2021	1300	2400	4	2001017922	001		8,997
1101/51	2021	1007	0900	4	2001018802	001		2,750
0700/23	2021	1300	0801	5	2001020796	001		6,000
0900/21	2021	1300	0801	5	2001020796	002	-6,000
1701/04	2021	1300	2600	6	2001023040	001		784,546
2001/05	2021	1300	2602	6	2001023040	002	-784,546
0700/20	2021	1051	1200	6	2001023204	002	-5,500
0701/01	2021	1039	0699	6	2001023204	001		5,500
1100/01	2021	1012	0900	7	2001029015	002	-820,000
1103/01	2021	1741	1202	7	2001029015	001		820,000
2001/07	2021	1414	2602	7	2001030182	002	-46,637
1101/51	2021	1007	0900	8	2001034162	001		-2,750
1704/04	2021	1300	2400	10	2001038640	002	-23,868
2001/05	2021	1300	2400	10	2001038640	001		23,868
1701/04	2021	1300	2600	10	2001039639	001		761,261
2001/05	2021	1300	2602	10	2001039639	002	-761,261
1701/07	2021	1414	1319	10	2001039640	001		2,500,000
2001/07	2021	1414	2602	10	2001039640	002	-2,500,000
1701/07	2021	1414	1320	10	2001039641	001		250,000
2001/07	2021	1414	2602	10	2001039641	002	-250,000
1701/07	2021	1414	1319	10	2001039734	001		-2,500,000
2001/07	2021	1414	2602	10	2001039734	002	2,500,000
0600/23	2021	1300	2602	10	2001040861	002	-890,824.9
1106/01	2021	1701	2706	10	2001040861	001		890,824.9
1701/07	2021	1414	1319	10	2001040900	001		1,868,096
2001/07	2021	1414	2602	10	2001040900	002	-1,868,096
1701/04	2021	1300	2600	10	2001041104	001		431,904
2001/05	2021	1300	2602	10	2001041104	002	-431,904
1701/04	2021	1300	2600	11	2001043776	001		200,000
2001/05	2021	1300	2602	11	2001043776	002	-200,000
0697/01	2021	1021	1002	11	2001044043	001		50,000
1100/01	2021	1012	0900	11	2001044043	002	-50,000
1100/01	2021	1012	0900	11	2001046369	001		226,858
1200/04	2021	1482	2602	11	2001046369	002	-226,858
0700/20	2021	1051	1200	12	2001048100	002	-10,500
0701/01	2021	1039	0601	12	2001048100	001		10,500
2001/07	2021	1414	2602	12	2001050049	002	-28,095.35
0700/20	2021	1051	1102	12	2001050577	001		909,000
1153/51	2021	1068	1202	12	2001050577	002	-909,000
0200/07	2022	1414	1320	1	2001054181	001		14,640
2001/05	2022	1300	2602	1	2001054181	002	-14,640
1103/01	2022	1741	0900	2	2001054877	001		1,356,000
1106/01	2022	1741	1367	2	2001054877	002	-1,356,000
0800/20	2022	1010	1200	2	2001059069	001		500,000
1300/01	2022	1010	2600	2	2001059069	002	-500,000
1704/04	2022	1300	2400	2	2001059777	002	-6,164
2001/05	2022	1300	2400	2	2001059777	001		6,164
0500/01	2022	1013	1102	2	2001060234	001		24,000
1100/01	2022	1012	0900	2	2001060234	002	-24,000
0900/21	2022	1300	0801	3	2001065413	002	-683,967
1100/01	2022	1012	0900	4	2001066699	001		73,142
1200/04	2022	1482	2602	4	2001066699	002	-73,142
0600/23	2022	1300	2602	4	2001069232	002	-158,787.88
1103/01	2022	1741	0900	4	2001069232	001		158,787.88
0700/20	2022	1051	1200	5	2001070588	001		500,000
1153/51	2022	1068	1202	5	2001070588	002	-500,000
0900/21	2022	1300	0801	5	2001071973	002	-8,442
1703/05	2022	1300	0801	5	2001071973	001		8,442
0600/20	2022	1021	1200	6	2001074177	001		300,000
1200/04	2022	1099	2602	6	2001074177	002	-300,000
0600/20	2022	1029	1200	6	2001075222	001		34,124
0800/23	2022	1300	0699	6	2001075222	002	-34,124
0700/20	2022	1051	1102	6	2001076261	001		56,000
0900/21	2022	1300	0801	6	2001076261	002	-56,000
0101/05	2022	1300	2300	6	2001076922	001		4,640
0102/04	2022	1300	2602	6	2001076922	002	-4,640
0700/20	2022	1300	2301	6	2001076934	001		19,042
2001/05	2022	1300	2602	6	2001076934	002	-19,042
0102/04	2022	1300	2300	7	2001077870	001		298
0102/04	2022	1300	2602	7	2001077870	002	-298
0102/04	2022	1300	2300	7	2001079932	001		1,215.36
0102/04	2022	1300	2602	7	2001079932	002	-1,215.36
1704/04	2022	1300	2400	7	2001079949	002	-7,248
2001/05	2022	1300	2400	7	2001079949	001		7,248
0600/20	2022	1300	2300	7	2001080775	001		916
1900/05	2022	1300	2602	7	2001080775	002	-916
0500/01	2022	1013	2300	7	2001082119	001		1,685
1704/04	2022	1300	2400	7	2001082119	002	-1,685
0600/23	2022	1300	2602	7	2001082390	002	-3,120
1101/51	2022	1007	0900	7	2001082390	001		3,120
0600/23	2022	1300	2602	7	2001082412	002	-469,606.2
1106/01	2022	1701	2706	7	2001082412	001		469,606.2
1704/04	2022	1300	2400	8	2001083510	002	-57,810
2001/05	2022	1300	2400	8	2001083510	001		57,810
1100/01	2022	1012	0900	8	2001086274	001		60,000
1200/04	2022	1099	2602	8	2001086274	002	-60,000
0700/20	2022	1051	1102	9	2001088715	001		19,800
1200/04	2022	1099	2602	9	2001088715	002	-19,800
1100/01	2022	1065	0900	9	2001089110	001		540,000
1200/04	2022	1099	2602	9	2001089110	002	-540,000
0900/21	2022	1300	0801	9	2001089160	002	-50,000
2800/20	2022	1300	0801	9	2001089160	001		50,000
0600/20	2022	1300	2301	9	2001089575	001		10,297
2001/05	2022	1300	2602	9	2001089575	002	-10,297
0600/23	2022	1300	2602	9	2001089606	002	-1,400,000
1106/01	2022	1775	2706	9	2001089606	001		1,400,000
0600/20	2022	1042	1200	9	2001090037	001		330,000
1200/04	2022	1099	2602	9	2001090037	002	-330,000
0600/23	2022	1300	0800	9	2001090070	001		45,929
0900/21	2022	1300	0801	9	2001090070	002	-45,929
1701/04	2022	1300	2602	10	2001092333	002	-1,160
1900/05	2022	1300	2300	10	2001092333	001		1,160
0102/04	2022	1300	2602	10	2001094757	002	-6,030
0200/04	2022	1300	2300	10	2001094757	001		6,030
1701/04	2022	1300	2600	10	2001095021	001		1,467,353
2001/05	2022	1300	2602	10	2001095021	002	-1,467,353
1701/07	2022	1414	1319	10	2001095022	001		1,675,157
2001/07	2022	1414	2602	10	2001095022	002	-1,675,157
1701/07	2022	1414	1320	10	2001095033	001		77,769
2001/07	2022	1414	2602	10	2001095033	002	-77,769
1701/07	2022	1414	1320	10	2001095049	001		77,769
2001/07	2022	1414	2602	10	2001095049	002	-77,769
1701/04	2022	1300	2301	11	2001095997	001		7,048
2001/05	2022	1300	2602	11	2001095997	002	-7,048
0102/04	2023	1300	2602	1	2001107758	002	-711.58
1400/02	2023	1504	2300	1	2001107758	001		711.58
0102/04	2023	1300	2301	1	2001108722	001		3,333
2001/05	2023	1300	2602	1	2001108722	002	-3,333
0900/21	2023	1300	0801	1	2001110120	002	-488.7
2001/05	2023	1300	2600	1	2001110120	001		488.7
0102/04	2023	1300	2301	2	2001112078	001		3,459
2001/05	2023	1300	2602	2	2001112078	002	-3,459
0700/20	2023	1300	2301	2	2001112619	001		12,083
2001/05	2023	1300	2602	2	2001112619	002	-12,083
0700/20	2023	1300	2301	2	2001112620	001		13,836
2001/05	2023	1300	2602	2	2001112620	002	-13,836
0700/20	2023	1300	2301	2	2001112621	001		6,916
2001/05	2023	1300	2602	2	2001112621	002	-6,916
1100/01	2023	1012	0900	2	2001112663	001		130,000
1200/04	2023	1099	2602	2	2001112663	002	-130,000
0200/07	2023	1414	1320	2	2001112666	001		15,800
2001/05	2023	1300	2602	2	2001112666	002	-15,800
0700/20	2023	1051	0601	2	2001113260	001		1,520
1200/04	2023	1099	2602	2	2001113260	002	-1,520
0102/04	2023	1300	2300	2	2001113715	001		34,000
1200/04	2023	1099	2602	2	2001113715	002	-34,000
0102/04	2023	1300	2300	2	2001113896	001		-34,000
1200/04	2023	1099	2602	2	2001113896	002	34,000
0600/20	2023	1300	2301	3	2001116957	001		29,379
2001/05	2023	1300	2602	3	2001116957	002	-29,379
1200/04	2023	1099	2602	3	2001117816	002	-93,000
1900/05	2023	1300	2300	3	2001117816	001		93,000
1200/04	2023	1099	2602	3	2001118593	002	93,000
1900/05	2023	1300	2300	3	2001118593	001		-93,000
1704/04	2023	1300	2400	3	2001119295	002	-20,345
2001/05	2023	1300	2400	3	2001119295	001		20,345
0500/01	2023	1013	2300	4	2001120598	001		687
1704/04	2023	1300	2400	4	2001120598	002	-687
0900/21	2023	1300	0801	5	2001125380	002	-109,535
1101/51	2023	1007	0900	5	2001125380	001		109,535
0900/21	2023	1300	0801	5	2001125381	002	-109,535
1161/51	2023	1050	0901	5	2001125381	001		109,535
0600/23	2023	1300	2602	6	2001129453	002	-1,000,000
1106/01	2023	1787	2706	6	2001129453	001		1,000,000
0600/23	2023	1300	2602	6	2001130212	002	-434,411.93
1106/01	2023	1775	2706	6	2001130212	001		434,411.93
0600/23	2023	1300	2602	6	2001132101	002	-486,512
1106/01	2023	1701	2706	6	2001132101	001		486,512
1704/04	2023	1300	2400	6	2001132455	002	-1,120
2001/05	2023	1300	2400	6	2001132455	001		1,120
0500/01	2023	1013	2300	6	2001132896	001		1,280
1704/04	2023	1300	2400	6	2001132896	002	-1,280
0109/05	2023	1300	0800	6	2001133481	001		242
0900/21	2023	1300	0801	6	2001133481	002	-242
0500/01	2023	1013	0800	7	2001134248	001		700
1200/04	2023	1099	2602	7	2001134248	002	-700
1100/01	2023	1012	0900	8	2001141401	001		200,000
1200/04	2023	1482	2602	8	2001141401	002	-200,000
1100/01	2023	1012	0900	9	2001145750	002	-31,200
1701/04	2023	1300	2600	9	2001145750	001		31,200
0800/23	2023	1300	0699	10	2001148345	002	-91,527
1701/04	2023	1300	2600	10	2001148345	001		91,527
1701/07	2023	1414	1319	10	2001148502	001		1,942,045
2001/07	2023	1414	2602	10	2001148502	002	-1,942,045
1701/07	2023	1414	1320	10	2001148543	001		300,000
2001/07	2023	1414	2602	10	2001148543	002	-300,000
1701/04	2023	1300	2600	10	2001148544	001		1,390,218
2001/05	2023	1300	2602	10	2001148544	002	-1,390,218
1704/04	2023	1300	2400	10	2001150689	002	-4,600
2001/05	2023	1300	2400	10	2001150689	001		4,600
1704/04	2023	1300	2400	10	2001151229	002	-1,257
2001/05	2023	1300	2400	10	2001151229	001		1,257
1701/07	2023	1414	1320	10	2001152496	001		193,565
2001/07	2023	1414	2602	10	2001152496	002	-193,565
1704/04	2023	1300	2400	12	2001160037	002	-470
1900/05	2023	1300	2300	12	2001160037	001		470
0700/20	2024	1300	2301	1	2001168637	001		26,336
2001/05	2024	1300	2602	1	2001168637	002	-26,336
0701/01	2024	1039	2300	4	2001181118	001		12,302
2001/05	2024	1300	2602	4	2001181118	002	-12,302
0700/20	2024	1300	2301	6	2001190979	001		20,049
2001/05	2024	1300	2602	6	2001190979	002	-20,049
0500/20	2024	1013	2301	6	2001191099	001		8,624.85
2001/05	2024	1300	2602	6	2001191099	002	-8,624.85
0102/04	2024	1300	0800	6	2001191267	001		42,746
0900/21	2024	1300	0801	6	2001191267	002	-42,746
1101/51	2024	1007	2301	6	2001192686	001		5,325
2001/05	2024	1300	2602	6	2001192686	002	-5,325
1101/01	2024	1007	2602	6	2001193215	002	-10,853
1102/01	2024	1003	0800	6	2001193215	001		10,853
1701/07	2024	1414	1319	6	2001194303	001		1,808,552
2001/07	2024	1414	2602	6	2001194303	002	-1,808,552
1701/04	2024	1300	2600	6	2001194304	001		1,445,275
2001/05	2024	1300	2602	6	2001194304	002	-1,445,275
1701/07	2024	1414	1320	6	2001194335	001		304,513
2001/07	2024	1414	2602	6	2001194335	002	-304,513
0102/04	2024	1300	2300	6	2001195131	001		98.48
1200/04	2024	1099	2602	6	2001195131	002	-98.48
0102/04	2024	1300	2300	7	2001196177	001		66,500
1200/04	2024	1099	2602	7	2001196177	002	-66,500
0102/04	2024	1300	2300	7	2001196431	001		112,901.52
1200/04	2024	1099	2602	7	2001196431	002	-112,901.52
0102/04	2024	1300	2300	7	2001198895	001		-66,500
1200/04	2024	1099	2602	7	2001198895	002	66,500
0102/04	2024	1300	2300	7	2001198896	001		-112,901.52
1200/04	2024	1099	2602	7	2001198896	002	112,901.52
0102/04	2024	1300	2300	6	2001198897	001		-98.48
1200/04	2024	1099	2602	6	2001198897	002	98.48
0102/04	2024	1300	2300	7	2001199688	001		530
0700/01	2024	1300	2602	7	2001199688	002	-530
0600/20	2024	1300	2301	7	2001199826	001		26,336
2001/05	2024	1300	2602	7	2001199826	002	-26,336
0800/23	2024	1300	2301	7	2001200167	001		7,059
2001/05	2024	1300	2602	7	2001200167	002	-7,059
1100/01	2024	1012	0900	7	2001200456	001		90,000
1701/04	2024	1300	2602	7	2001200456	002	-90,000
1100/01	2024	1012	0900	7	2001200457	001		70,000
1701/04	2024	1300	2602	7	2001200457	002	-70,000
1704/04	2024	1300	2400	7	2001200458	002	-5,848
2001/05	2024	1300	2400	7	2001200458	001		5,848
0701/01	2024	1039	2301	8	2001202107	001		18,000
2001/05	2024	1300	2602	8	2001202107	002	-18,000
1103/01	2024	1044	0901	8	2001204620	001		15,000,000
1200/04	2024	1099	2602	8	2001204620	002	-15,000,000
0101/05	2024	1300	2300	9	2001208572	001		435
0102/04	2024	1300	2602	9	2001208572	002	-435
1900/05	2024	1300	2300	9	2001210914	001		16,189
2001/05	2024	1300	2602	9	2001210914	002	-16,189
0102/04	2024	1300	2301	10	2001212313	001		3,508
2001/05	2024	1300	2602	10	2001212313	002	-3,508
0102/04	2024	1300	2301	10	2001212314	001		9,172.07
2001/05	2024	1300	2602	10	2001212314	002	-9,172.07
1500/30	2024	1403	2301	10	2001212654	001		3,850
2001/05	2024	1300	2602	10	2001212654	002	-3,850
1900/05	2024	1300	2300	11	2001219869	001		120,000
2001/05	2024	1300	2602	11	2001219869	002	-120,000
1100/01	2024	1012	0900	12	2001221055	001		25,000
1200/04	2024	1482	2602	12	2001221055	002	-25,000
0102/04	2025	1300	0800	1	2001230270	001		39,000
0900/21	2025	1300	0801	1	2001230270	002	-39,000
1300/07	2025	1300	2301	1	2001231027	001		5,283
2001/05	2025	1300	2602	1	2001231027	002	-5,283
1103/01	2025	1044	0901	1	2001231345	001		6,000,000
1200/04	2025	1099	2602	1	2001231345	002	-6,000,000
0102/04	2025	1300	2301	1	2001231743	001		3,534
2001/05	2025	1300	2602	1	2001231743	002	-3,534
0701/01	2025	1039	2300	2	2001233381	001		32,000
2001/05	2025	1300	2602	2	2001233381	002	-32,000
0500/01	2025	1013	2301	2	2001234862	001		3,498
2001/05	2025	1300	2602	2	2001234862	002	-3,498
0700/20	2025	1300	2301	2	2001235215	001		21,284
2001/05	2025	1300	2602	2	2001235215	002	-21,284
0800/23	2025	1300	2301	3	2001241223	001		10,717
2001/05	2025	1300	2602	3	2001241223	002	-10,717
0102/04	2025	1300	2602	3	2001241875	002	-6,064.45
0109/05	2025	1300	2300	3	2001241875	001		6,064.45
0500/20	2025	1013	0699	4	2001244103	002	-36,000
0700/01	2025	1024	0800	4	2001244103	001		36,000
0600/20	2025	1300	2301	4	2001246237	001		32,001
2001/05	2025	1300	2602	4	2001246237	002	-32,001
0701/01	2025	1039	2300	4	2001246349	001		8,704
1703/05	2025	1300	0801	4	2001246349	002	-8,704
1900/05	2025	1300	2300	5	2001248410	001		192,000
2001/05	2025	1300	2602	5	2001248410	002	-192,000
